430, 8
5, 8
365, 48
330, 61
180, 42
195, 78
380, 50
250, 76
90, 46
250, 42
115, 15
365, 28
315, 32
280, 78
435, 46
100, 26
10, 10
270, 75
10, 66
370, 13
445, 34
90, 25
295, 28
235, 48
275, 51
50, 18
225, 34
255, 8
140, 12
215, 31
305, 50
265, 53
260, 69
65, 5
345, 41
170, 16
320, 56
370, 80
375, 71
335, 49
125, 55
5, 78
245, 54
475, 18
350, 63
160, 23
90, 21
345, 55
75, 67
85, 29
295, 56
100, 80
295, 9
440, 66
465, 11
170, 9
140, 54
275, 19
170, 41
305, 68
465, 5
145, 31
450, 11
15, 17
80, 20
95, 68
460, 72
440, 42
480, 14
360, 17
0, 43
250, 36
10, 47
220, 19
240, 41
355, 50
110, 25
295, 13
165, 64
360, 15
455, 76
75, 58
410, 56
250, 43
245, 44
115, 30
130, 57
80, 56
360, 52
300, 66
315, 6
110, 41
410, 57
295, 35
105, 12
100, 38
345, 56
240, 76
360, 49
350, 79
15, 33
80, 77
315, 24
130, 55
465, 20
255, 75
210, 77
220, 38
75, 38
335, 25
105, 30
120, 31
90, 42
150, 6
200, 20
310, 64
10, 58
345, 7
325, 46
340, 26
55, 21
465, 42
175, 46
365, 52
155, 27
195, 16
135, 53
190, 42
220, 26
460, 61
450, 5
345, 78
115, 27
235, 6
210, 31
10, 43
300, 23
30, 76
465, 8
215, 13
130, 47
495, 67
110, 48
340, 79
165, 59
405, 80
5, 6
170, 57
5, 71
495, 75
55, 29
30, 16
125, 11
425, 12
115, 52
170, 34
465, 24
345, 28
260, 5
30, 63
485, 55
190, 55
150, 37
320, 30
410, 54
330, 27
395, 65
5, 45
405, 53
110, 71
455, 10
475, 55
450, 37
55, 29
185, 54
275, 11
140, 45
5, 14
460, 12
455, 57
305, 61
80, 77
320, 65
450, 42
220, 21
425, 76
190, 46
125, 45
160, 69
370, 62
455, 63
240, 40
300, 20
375, 67
215, 30
240, 41
300, 43
275, 62
460, 47
55, 60
55, 11
105, 16
270, 10
25, 79
375, 75
210, 36
110, 39
100, 60
385, 44
330, 35
105, 78
470, 80
335, 35
275, 23
100, 53
215, 8
100, 80
300, 18
165, 20
405, 8
345, 71
200, 74
370, 7
50, 21
150, 21
155, 71
215, 45
445, 28
460, 77
460, 27
300, 37
45, 47
10, 56
210, 42
455, 49
300, 36
40, 15
150, 68
0, 79
430, 38
395, 20
360, 46
315, 77
405, 41
395, 38
0, 61
165, 66
270, 40
110, 40
495, 32
65, 69
120, 63
290, 51
315, 12
10, 64
415, 9
205, 33
250, 26
375, 43
335, 39
295, 41
485, 69
155, 47
85, 5
320, 64
65, 11
480, 71
195, 76
10, 66
125, 66
145, 7
170, 66
410, 35
135, 44
455, 58
455, 25
25, 29
160, 51
445, 30
480, 6
35, 14
260, 6
30, 5
440, 30
435, 78
40, 24
365, 75
420, 51
250, 20
65, 59
440, 38
370, 53
355, 22
15, 37
290, 45
165, 79
320, 9
375, 35
395, 15
0, 11
285, 79
395, 54
160, 5
420, 13
5, 19
230, 51
170, 11
105, 48
250, 24
195, 16
320, 73
245, 36
30, 6
495, 57
455, 32
20, 13
325, 60
345, 53
220, 13
95, 60
40, 72
175, 75
375, 66
455, 10
190, 23
385, 55
125, 46
460, 44
430, 58
475, 18
335, 35
320, 19
440, 17
350, 72
255, 62
55, 41
380, 16
175, 26
150, 50
295, 79
330, 33
470, 5
225, 35
25, 42
55, 46
135, 66
230, 25
285, 75
400, 37
80, 57
285, 42
60, 66
310, 64
435, 62
320, 52
310, 31
380, 62
165, 59
275, 67
185, 58
145, 74
340, 64
310, 79
60, 72
125, 54
255, 73
410, 6
115, 25
315, 76
305, 70
340, 53
130, 28
370, 72
10, 31
420, 20
0, 30
405, 12
235, 42
280, 16
145, 59
395, 27
405, 41
250, 8
240, 53
5, 16
70, 73
290, 30
275, 9
270, 49
130, 16
230, 21
120, 16
445, 77
240, 57
0, 30
480, 54
255, 43
150, 57
390, 30
160, 56
60, 63
230, 80
420, 61
410, 46
410, 25
185, 44
495, 48
200, 40
30, 80
105, 62
45, 48
330, 37
370, 35
425, 62
145, 58
485, 58
220, 76
105, 42
465, 76
90, 44
465, 72
215, 39
80, 7
365, 44
185, 42
495, 16
405, 31
210, 25
400, 28
335, 56
380, 52
325, 61
320, 11
70, 6
10, 28
405, 63
460, 10
315, 29
425, 15
320, 31
25, 58
30, 67
85, 8
375, 78
160, 26
155, 69
235, 76
395, 30
140, 27
470, 13
410, 29
130, 55
260, 31
350, 11
70, 54
310, 53
140, 31
350, 10
105, 54
105, 51
410, 21
125, 49
430, 25
90, 10
370, 45
465, 30
40, 75
30, 51
235, 68
55, 55
315, 62
405, 34
370, 23
195, 40
300, 16
30, 13
245, 38
95, 53
100, 69
340, 10
325, 39
175, 5
395, 9
75, 20
380, 25
255, 15
380, 9
120, 76
215, 50
415, 59
380, 63
60, 38
335, 67
170, 12
475, 60
330, 71
165, 47
275, 17
90, 31
80, 36
250, 42
375, 47
465, 74
460, 25
425, 7
270, 14
200, 35
320, 16
60, 55
455, 26
340, 17
160, 51
235, 10
350, 19
15, 22
410, 37
105, 45
335, 73
270, 51
105, 47
395, 27
225, 70
240, 40
115, 28
415, 23
455, 46
275, 52
10, 25
485, 27
90, 73
445, 37
160, 70
450, 74
395, 59
430, 22
410, 35
415, 35
215, 71
435, 15
390, 65
270, 62
85, 20
235, 50
485, 43
15, 47
200, 52
320, 52
325, 56
0, 61
465, 71
355, 62
15, 14
50, 14
360, 41
25, 73
375, 14
455, 71
360, 78
70, 59
445, 46
425, 25
490, 45
155, 53
300, 74
200, 50
75, 70
160, 11
90, 78
145, 43
415, 52
90, 16
255, 55
215, 6
390, 53
55, 74
70, 8
80, 43
310, 35
130, 21
475, 48
0, 19
415, 59
360, 44
115, 68
425, 16
400, 42
415, 75
25, 68
0, 50
375, 38
75, 56
130, 46
40, 43
0, 57
15, 38
5, 23
395, 49
230, 51
45, 79
95, 23
390, 63
300, 43
140, 67
450, 34
315, 73
20, 29
70, 19
190, 30
445, 60
295, 61
300, 64
150, 78
45, 54
175, 24
55, 20
25, 43
20, 28
450, 7
225, 58
460, 11
135, 47
410, 10
170, 46
225, 9
135, 13
335, 20
255, 39
5, 32
425, 72
100, 39
390, 35
180, 20
190, 20
95, 42
365, 31
330, 23
185, 54
10, 18
410, 23
420, 27
140, 75
195, 54
175, 26
20, 28
110, 10
40, 55
350, 37
295, 21
35, 39
145, 31
480, 71
385, 6
175, 38
335, 6
495, 19
135, 5
65, 65
65, 28
200, 16
30, 72
440, 76
335, 48
385, 43
105, 18
395, 50
0, 31
320, 43
495, 57
5, 45
460, 19
160, 26
75, 40
495, 52
365, 60
135, 41
40, 15
495, 40
460, 32
385, 45
275, 50
335, 38
435, 72
365, 52
80, 56
425, 34
325, 45
130, 19
90, 32
165, 22
455, 32
475, 64
250, 62
180, 35
215, 75
240, 47
255, 65
10, 16
410, 36
490, 63
165, 13
155, 64
480, 48
15, 48
160, 73
205, 31
110, 59
115, 19
340, 24
190, 20
85, 32
35, 63
275, 68
215, 64
65, 49
240, 24
100, 13
170, 43
460, 53
430, 15
145, 72
275, 73
205, 16
120, 22
90, 22
30, 62
385, 59
495, 33
485, 38
370, 10
315, 23
120, 70
450, 51
115, 30
240, 62
215, 31
290, 26
485, 72
325, 76
205, 72
80, 49
125, 68
485, 34
135, 6
90, 38
265, 7
60, 8
115, 69
200, 47
225, 29
315, 68
470, 31
450, 37
435, 52
355, 39
255, 76
480, 20
480, 36
285, 54
415, 15
270, 80
200, 38
435, 39
0, 64
145, 64
355, 64
215, 64
240, 68
395, 22
495, 75
5, 9
390, 76
5, 67
440, 69
120, 23
45, 52
360, 65
445, 53
140, 67
190, 69
0, 61
175, 45
365, 17
245, 15
215, 76
345, 21
100, 45
125, 57
255, 9
290, 52
455, 7
15, 45
120, 79
190, 68
410, 47
200, 52
390, 79
145, 48
245, 65
285, 80
310, 31
420, 30
275, 52
55, 57
205, 55
465, 35
445, 79
105, 59
15, 46
355, 38
435, 43
70, 36
130, 37
105, 11
325, 20
180, 39
195, 64
375, 47
325, 38
345, 12
160, 30
230, 63
190, 15
190, 60
415, 49
20, 48
345, 6
115, 80
40, 5
330, 36
195, 70
415, 55
120, 70
290, 29
155, 6
210, 40
125, 64
310, 50
235, 66
10, 13
415, 59
210, 63
140, 76
380, 67
415, 35
25, 33
270, 70
145, 18
285, 30
125, 76
450, 74
100, 73
65, 24
390, 73
450, 79
305, 18
180, 27
270, 27
220, 25
105, 76
155, 62
310, 48
490, 12
280, 6
240, 74
175, 33
380, 73
375, 42
415, 77
90, 62
95, 72
90, 37
5, 48
455, 29
305, 18
485, 35
355, 6
220, 24
340, 55
115, 36
320, 40
465, 45
225, 12
210, 44
450, 60
400, 78
185, 56
490, 12
190, 46
260, 60
70, 31
110, 34
10, 15
485, 43
460, 57
35, 33
280, 48
170, 67
445, 24
285, 19
140, 27
230, 49
340, 61
165, 44
135, 29
120, 21
405, 48
165, 39
240, 65
100, 73
310, 34
395, 69
255, 39
245, 17
300, 12
0, 43
375, 5
335, 30
335, 50
10, 45
485, 64
295, 12
195, 50
30, 36
310, 13
400, 10
140, 51
85, 42
365, 13
150, 25
15, 55
485, 22
175, 28
300, 26
285, 76
40, 73
370, 26
130, 19
45, 50
215, 10
350, 46
195, 32
410, 31
485, 79
285, 70
265, 11
265, 51
30, 57
140, 13
455, 65
420, 30
350, 59
50, 69
60, 45
285, 11
455, 12
285, 53
295, 47
0, 37
235, 31
390, 19
290, 45
480, 29
80, 28
490, 18
15, 64
485, 15
485, 20
10, 70
320, 44
220, 7
415, 27
235, 23
215, 66
390, 28
200, 28
460, 35
205, 21
115, 24
95, 12
315, 63
35, 37
400, 47
5, 33
245, 23
15, 20
190, 57
315, 65
85, 42
335, 64
135, 80
85, 23
290, 43
275, 28
290, 28
345, 14
5, 41
325, 59
165, 9
95, 44
375, 41
35, 75
480, 52
225, 71
210, 69
25, 7
100, 58
225, 17
15, 33
60, 26
445, 26
300, 64
465, 17
340, 23
485, 59
110, 55
375, 16
400, 44
485, 13
185, 78
260, 65
100, 8
0, 27
155, 55
325, 25
485, 44
440, 29
495, 46
305, 53
280, 38
360, 27
105, 33
385, 20
365, 13
240, 6
70, 26
475, 72
0, 23
390, 35
460, 8
465, 63
295, 71
445, 74
0, 46
360, 56
285, 42
0, 56
360, 46
305, 78
95, 60
225, 75
190, 56
470, 39
495, 47
210, 39
80, 64
0, 62
320, 37
410, 31
120, 6
425, 23
405, 58
275, 68
300, 20
455, 55
260, 56
310, 28
470, 6
400, 20
395, 59
305, 29
325, 23
435, 14
415, 46
390, 18
485, 64
270, 80
455, 28
30, 9
440, 38
210, 32
230, 37
0, 6
170, 14
130, 74
470, 51
420, 56
235, 48
0, 47
60, 65
5, 61
390, 51
135, 50
0, 36
55, 60
445, 23
155, 44
70, 36
140, 31
225, 46
135, 22
425, 47
200, 58
285, 15
235, 5
65, 51
485, 55
230, 51
380, 34
65, 16
420, 55
5, 60
425, 70
260, 8
340, 32
355, 22
95, 5
385, 74
135, 41
465, 51
250, 7
335, 51
440, 8
130, 17
375, 39
235, 53
455, 32
85, 27
320, 56
215, 79
395, 63
120, 5
295, 23
145, 41
215, 68
55, 33
445, 17
165, 53
220, 26
480, 76
155, 9
445, 47
300, 65
140, 78
250, 72
410, 54
280, 51
475, 53
320, 32
200, 61
410, 17
50, 62
205, 13
190, 58
350, 26
490, 71
10, 27
20, 67
215, 5
100, 33
90, 26
420, 31
225, 63
205, 29
250, 16
170, 72
35, 43
75, 73
135, 55
55, 50
305, 79
450, 8
125, 75
195, 67
310, 75
325, 9
285, 50
80, 66
250, 34
240, 30
455, 47
195, 33
275, 49
345, 19
435, 45
160, 13
295, 45
200, 76
125, 36
220, 30
180, 61
465, 58
0, 7
130, 53
345, 47
340, 57
20, 40
185, 58
365, 74
190, 43
215, 34
460, 18
270, 11
290, 42
205, 14
375, 29
430, 29
400, 5
45, 69
355, 52
15, 9
160, 79
175, 29
285, 80
120, 48
440, 19
405, 32
490, 62
305, 42
20, 29
235, 21
215, 80
30, 35
240, 13
255, 27
15, 66
235, 13
200, 41
130, 66
375, 40
200, 58
380, 34
415, 24
75, 47
450, 69
125, 48
395, 22
170, 64
410, 5
40, 25
215, 22
55, 72
35, 7
315, 13
110, 16
395, 66
5, 53
155, 76
265, 10
125, 15
115, 67
65, 57
120, 16
465, 40
375, 78
155, 24
190, 31
135, 57
375, 43
110, 10
240, 61
240, 74
345, 9
105, 79
485, 61
235, 49
460, 60
400, 44
225, 17
290, 61
30, 68
110, 72
30, 6
105, 15
75, 19
350, 57
435, 74
370, 65
205, 26
155, 26
170, 20
210, 75
45, 13
375, 40
85, 45
265, 25
320, 58
470, 14
80, 42
390, 10
405, 70
355, 35
435, 39
310, 30
495, 70
5, 49
85, 12
90, 50
175, 25
485, 64
470, 39
230, 60
325, 17
0, 46
495, 50
230, 80
285, 71
465, 12
105, 22
435, 18
110, 75
60, 62
450, 17
485, 60
35, 19
300, 45
420, 33
160, 77
350, 25
80, 31
395, 18
20, 43
340, 43
180, 58
55, 70
230, 73
315, 71
465, 29
240, 56
45, 7
150, 70
295, 68
260, 73
220, 41
375, 74
35, 18
150, 71
235, 32
430, 51
310, 57
370, 23
60, 50
15, 76
90, 53
60, 77
470, 74
425, 64
460, 23
340, 71
280, 55
190, 24
325, 44
485, 69
355, 36
455, 73
310, 63
150, 80
90, 19
195, 74
70, 37
75, 51
350, 20
120, 16
290, 18
435, 11
265, 22
125, 37
380, 42
110, 30
495, 33
280, 8
180, 26
480, 79
310, 35
190, 42
240, 75
305, 28
315, 74
50, 46
80, 73
210, 14
360, 13
250, 52
270, 73
190, 35
80, 18
260, 19
105, 39
220, 58
160, 11
455, 54
460, 31
415, 77
335, 25
50, 56
120, 24
245, 13
40, 11
460, 61
375, 24
380, 13
290, 36
95, 46
345, 35
365, 5
50, 33
60, 65
365, 20
270, 60
215, 59
55, 59
385, 38
175, 67
240, 75
100, 73
270, 27
475, 78
105, 24
15, 71
220, 62
215, 36
375, 23
295, 62
450, 7
460, 40
340, 50
100, 14
85, 52
215, 28
460, 15
85, 9
385, 69
315, 70
435, 43
175, 62
410, 32
75, 58
45, 5
380, 71
265, 21
490, 21
435, 66
195, 74
330, 23
395, 14
355, 62
400, 26
10, 51
455, 49
205, 23
260, 49
195, 20
160, 42
420, 46
160, 69
220, 53
215, 60
275, 33
165, 25
30, 5
340, 50
340, 26
80, 80
270, 46
280, 62
235, 7
435, 32
215, 22
270, 34
150, 46
360, 33
60, 60
470, 49
160, 8
445, 17
450, 43
80, 50
315, 13
365, 49
80, 14
195, 77
245, 64
280, 53
445, 30
315, 45
85, 26
265, 45
170, 62
160, 51
340, 37
10, 66
160, 8
315, 31
140, 34
410, 30
25, 79
125, 52
215, 68
360, 23
265, 49
330, 36
445, 32
450, 42
415, 49
60, 74
100, 9
275, 39
325, 35
105, 72
120, 32
305, 56
330, 39
110, 5
245, 40
395, 52
185, 52
495, 70
470, 53
285, 47
155, 19
390, 28
130, 24
60, 38
45, 38
0, 59
295, 77
230, 49
405, 52
490, 56
345, 17
475, 37
455, 40
255, 36
450, 22
90, 24
245, 54
330, 75
385, 10
255, 70
470, 48
260, 25
445, 54
265, 54
430, 12
350, 76
355, 43
310, 7
205, 16
320, 62
140, 38
200, 15
95, 40
470, 22
170, 14
435, 72
310, 13
390, 72
85, 15
350, 6
405, 24
465, 23
340, 48
95, 76
85, 53
5, 63
35, 32
55, 59
335, 61
385, 39
115, 74
165, 55
495, 48
205, 17
205, 23
230, 58
60, 55
160, 21
255, 75
255, 16
480, 27
55, 41
95, 70
430, 57
415, 64
230, 19
5, 11
105, 51
150, 34
165, 5
5, 30
10, 55
35, 73
490, 29
420, 57
300, 27
95, 27
340, 62
495, 23
105, 18
365, 33
125, 6
145, 34
300, 72
385, 61
80, 42
120, 45
465, 14
475, 78
145, 63
155, 52
100, 28
115, 37
175, 65
365, 38
5, 34
225, 27
320, 21
210, 51
330, 26
360, 64
15, 21
195, 56
385, 6
390, 51
55, 24
105, 77
405, 10
155, 76
290, 8
335, 55
285, 46
225, 46
50, 58
225, 43
95, 52
60, 52
475, 30
335, 43
225, 16
480, 53
240, 76
10, 32
15, 40
315, 36
90, 60
100, 50
15, 14
365, 25
465, 79
180, 78
360, 39
320, 76
385, 57
40, 59
360, 25
60, 77
310, 35
0, 43
440, 20
260, 51
30, 54
130, 68
290, 22
20, 74
195, 74
235, 60
35, 43
315, 41
160, 17
395, 14
205, 75
440, 35
240, 75
295, 42
190, 55
260, 35
355, 7
135, 31
95, 79
440, 41
245, 76
375, 33
295, 70
50, 46
275, 29
45, 27
160, 62
375, 48
20, 73
370, 61
215, 49
110, 64
310, 33
410, 22
350, 30
190, 11
475, 10
215, 54
75, 78
480, 6
55, 5
360, 20
250, 57
450, 65
440, 32
85, 70
55, 6
360, 39
350, 42
185, 22
150, 23
300, 75
480, 46
15, 23
35, 31
35, 17
490, 12
375, 18
70, 78
120, 47
180, 24
0, 6
310, 49
470, 25
330, 10
290, 68
315, 12
270, 50
205, 65
240, 9
340, 57
485, 35
70, 8
385, 57
260, 38
225, 28
490, 68
485, 45
475, 41
475, 52
60, 73
210, 43
410, 44
445, 75
420, 77
375, 10
490, 72
380, 9
100, 47
255, 49
475, 41
125, 38
430, 46
40, 64
225, 44
300, 53
390, 47
115, 50
375, 38
390, 69
160, 66
55, 33
175, 46
185, 68
385, 60
485, 11
240, 5
395, 67
460, 45
320, 56
265, 45
200, 79
440, 20
435, 5
455, 72
320, 21
455, 9
115, 65
365, 66
310, 13
365, 48
350, 18
120, 62
305, 48
185, 33
475, 38
240, 10
180, 75
85, 41
75, 58
350, 67
135, 51
385, 32
330, 11
260, 76
495, 71
480, 43
265, 75
185, 26
140, 59
140, 20
420, 13
370, 54
380, 65
155, 27
10, 22
55, 22
135, 30
405, 67
375, 57
320, 29
85, 26
430, 61
10, 56
110, 9
245, 47
295, 78
320, 18
375, 31
385, 73
335, 72
0, 7
240, 35
335, 10
135, 79
455, 63
430, 17
390, 63
20, 49
445, 45
495, 27
410, 58
295, 26
275, 65
480, 69
305, 47
90, 24
125, 71
495, 46
265, 6
495, 43
5, 78
380, 49
390, 41
345, 60
280, 34
70, 50
465, 37
370, 71
235, 24
385, 59
115, 26
435, 66
410, 68
450, 59
225, 26
465, 55
185, 25
185, 57
35, 38
260, 37
265, 37
60, 20
55, 72
150, 46
425, 48
385, 66
145, 17
65, 16
390, 15
230, 66
205, 56
390, 72
450, 63
345, 39
120, 56
70, 64
310, 66
125, 74
280, 78
105, 40
345, 24
55, 58
205, 35
145, 14
5, 55
135, 41
130, 59
175, 70
320, 44
130, 34
380, 73
390, 57
55, 63
315, 62
435, 13
30, 32
90, 74
10, 47
240, 47
180, 35
225, 73
440, 49
365, 69
370, 28
230, 79
5, 30
135, 69
135, 80
255, 56
210, 32
225, 45
250, 79
150, 46
5, 53
185, 42
25, 62
5, 76
70, 52
140, 13
85, 68
215, 68
245, 7
60, 42
45, 13
40, 38
115, 39
60, 70
225, 39
125, 72
70, 70
455, 79
170, 72
220, 53
180, 18
35, 20
110, 8
370, 46
100, 69
15, 27
185, 7
370, 20
95, 39
270, 63
15, 12
435, 17
225, 29
50, 25
250, 28
210, 45
280, 11
25, 77
415, 38
195, 62
220, 14
340, 43
150, 54
75, 41
135, 47
420, 61
225, 33
365, 18
385, 51
405, 46
405, 17
340, 19
55, 64
110, 43
80, 52
465, 59
0, 39
105, 35
5, 17
180, 9
390, 58
460, 20
100, 25
130, 78
275, 35
85, 43
220, 44
410, 26
85, 8
15, 68
175, 31
175, 22
440, 62
10, 58
40, 13
410, 17
35, 11
490, 32
215, 28
205, 78
455, 79
215, 53
410, 16
180, 33
0, 76
15, 17
145, 29
290, 44
275, 64
465, 56
390, 40
460, 34
285, 70
105, 53
315, 18
75, 44
300, 71
275, 69
445, 55
290, 33
485, 15
425, 55
35, 22
400, 65
5, 62
290, 67
480, 38
420, 71
355, 9
245, 71
210, 62
280, 28
410, 18
95, 64
420, 79
375, 66
365, 26
15, 52
30, 7
165, 5
230, 59
200, 28
280, 51
60, 48
150, 62
220, 51
45, 33
100, 49
15, 29
145, 49
355, 16
270, 50
395, 46
130, 8
490, 5
275, 23
55, 78
205, 29
90, 8
440, 65
95, 54
35, 13
125, 18
465, 60
455, 53
5, 9
425, 33
190, 79
395, 18
365, 12
35, 76
90, 42
325, 65
95, 43
155, 67
495, 77
175, 68
375, 20
145, 6
465, 25
210, 74
230, 48
315, 64
140, 55
490, 8
375, 66
395, 65
10, 12
415, 17
160, 32
5, 66
445, 62
435, 23
365, 61
330, 26
450, 45
175, 63
35, 23
290, 73
135, 20
15, 50
70, 52
195, 48
315, 66
175, 34
35, 59
375, 50
45, 11
240, 31
445, 11
335, 51
85, 24
190, 75
50, 70
85, 67
215, 46
65, 33
25, 19
110, 71
250, 15
20, 37
335, 67
410, 53
425, 43
445, 63
55, 14
470, 13
30, 10
370, 66
150, 47
355, 76
125, 35
150, 17
120, 35
425, 15
195, 9
165, 60
485, 5
255, 68
435, 52
70, 32
190, 39
495, 51
120, 15
375, 66
425, 42
435, 52
320, 74
20, 66
160, 42
490, 35
165, 69
75, 20
40, 15
70, 32
450, 61
235, 68
305, 14
350, 59
270, 23
260, 32
200, 37
495, 52
450, 31
380, 27
370, 50
420, 62
10, 30
50, 33
35, 37
245, 54
410, 80
325, 26
105, 68
45, 53
255, 70
485, 11
305, 28
345, 75
215, 5
415, 54
350, 71
300, 41
115, 16
120, 65
265, 71
25, 53
55, 5
80, 79
5, 54
0, 62
50, 25
350, 78
320, 55
145, 25
350, 34
360, 36
125, 9
185, 40
355, 53
55, 28
385, 23
450, 53
150, 62
400, 5
305, 78
245, 75
355, 7
145, 65
390, 26
315, 77
150, 71
260, 65
90, 63
5, 20
380, 63
275, 16
260, 46
90, 29
280, 69
30, 31
10, 72
5, 66
435, 31
95, 68
95, 17
200, 73
395, 5
385, 45
240, 19
490, 41
345, 71
255, 23
45, 16
345, 65
155, 18
420, 44
445, 57
110, 40
350, 78
470, 44
395, 20
15, 18
320, 26
405, 6
225, 9
100, 22
385, 49
80, 65
295, 60
165, 64
275, 80
480, 61
180, 59
445, 23
5, 52
190, 77
140, 79
275, 54
340, 57
240, 9
425, 76
30, 18
310, 47
50, 17
225, 33
225, 59
45, 58
315, 31
310, 26
180, 51
180, 10
145, 42
355, 35
470, 54
95, 55
335, 16
445, 48
205, 40
200, 24
160, 18
410, 9
310, 21
495, 71
425, 28
330, 71
380, 74
345, 36
60, 61
120, 71
60, 16
5, 73
275, 60
85, 68
255, 12
120, 73
255, 25
485, 35
50, 70
460, 6
245, 40
335, 80
495, 75
395, 15
260, 65
330, 9
230, 19
445, 71
230, 8
70, 44
205, 38
470, 61
370, 48
260, 29
60, 59
105, 52
170, 53
455, 25
455, 17
400, 67
460, 49
50, 34
195, 7
455, 8
335, 60
190, 61
5, 65
475, 11
15, 57
130, 53
460, 33
485, 8
105, 76
155, 49
475, 8
290, 39
150, 42
255, 38
145, 51
320, 54
485, 5
460, 65
160, 72
435, 10
165, 25
90, 34
130, 46
95, 13
275, 37
25, 21
490, 78
315, 51
445, 33
235, 20
405, 12
130, 13
345, 71
50, 25
105, 46
430, 52
365, 5
15, 66
110, 38
240, 59
445, 80
450, 18
180, 79
190, 25
400, 28
490, 24
205, 39
415, 28
485, 61
450, 62
235, 54
380, 45
85, 55
280, 57
400, 21
455, 46
165, 46
145, 68
340, 17
450, 37
155, 80
445, 13
210, 13
360, 27
190, 72
250, 13
210, 8
195, 26
470, 59
405, 71
420, 14
245, 74
265, 65
180, 34
205, 68
20, 40
35, 24
465, 55
430, 17
120, 67
20, 10
370, 56
0, 72
290, 16
140, 68
95, 75
255, 28
455, 51
240, 58
300, 57
290, 33
150, 10
210, 45
180, 66
120, 20
25, 58
180, 79
215, 44
390, 47
235, 71
425, 12
450, 35
5, 32
440, 34
490, 30
30, 75
160, 41
220, 6
345, 6
345, 65
375, 16
70, 73
55, 74
0, 67
425, 22
100, 30
160, 5
265, 72
370, 54
285, 45
365, 24
420, 37
250, 68
310, 16
430, 38
190, 79
390, 64
400, 55
120, 27
455, 56
0, 75
125, 12
20, 59
275, 8
440, 58
455, 31
480, 57
180, 69
200, 33
190, 36
355, 66
285, 32
105, 66
85, 54
235, 5
475, 30
85, 8
305, 74
415, 65
395, 69
360, 61
370, 54
365, 35
75, 61
50, 52
290, 55
30, 9
5, 24
120, 18
355, 6
400, 9
260, 7
325, 65
385, 65
220, 65
5, 63
120, 75
140, 15
485, 46
365, 20
175, 65
265, 16
495, 60
95, 60
375, 24
335, 77
470, 8
350, 33
210, 70
455, 25
475, 29
190, 49
320, 10
100, 43
280, 62
30, 52
100, 29
200, 46
345, 69
370, 21
0, 62
75, 73
185, 59
350, 17
55, 47
360, 74
295, 73
115, 64
350, 9
335, 73
445, 16
465, 52
420, 16
230, 32
260, 12
400, 19
395, 5
245, 12
70, 26
5, 33
260, 61
65, 63
435, 22
260, 59
255, 8
410, 36
80, 56
320, 52
330, 73
345, 37
485, 11
235, 59
440, 55
355, 75
295, 18
355, 38
170, 30
70, 27
465, 31
20, 27
445, 73
445, 31
260, 60
475, 54
245, 43
400, 30
395, 58
410, 22
480, 58
370, 29
485, 79
285, 17
100, 17
475, 53
120, 54
80, 56
400, 34
325, 65
260, 28
485, 34
15, 35
110, 20
200, 41
45, 77
480, 23
90, 17
450, 33
475, 6
65, 50
385, 74
10, 7
435, 74
295, 54
415, 14
245, 11
395, 30
160, 11
340, 71
105, 73
50, 29
5, 5
125, 11
350, 66
115, 48
135, 13
110, 57
95, 37
125, 15
415, 25
430, 10
140, 23
340, 44
120, 24
425, 47
385, 31
230, 6
95, 19
170, 61
425, 53
215, 57
150, 79
120, 32
5, 31
135, 65
145, 17
85, 44
480, 70
245, 46
290, 14
365, 16
330, 60
65, 63
315, 55
40, 46
95, 24
380, 34
285, 12
175, 52
125, 44
345, 26
470, 19
415, 19
420, 53
215, 52
15, 64
55, 61
215, 52
305, 20
465, 60
495, 18
320, 8
130, 25
0, 8
100, 69
370, 48
290, 72
185, 58
155, 62
480, 68
320, 20
205, 79
370, 59
470, 42
485, 27
490, 73
195, 34
280, 76
385, 25
380, 25
95, 16
130, 38
145, 33
235, 72
235, 41
240, 58
150, 38
180, 37
165, 80
380, 79
385, 31
405, 28
300, 77
390, 35
325, 67
390, 6
440, 60
355, 34
190, 79
480, 14
140, 52
110, 56
495, 7
80, 13
225, 79
45, 42
455, 21
435, 36
110, 38
70, 74
155, 33
125, 26
25, 6
105, 12
350, 64
15, 59
430, 14
145, 66
455, 53
480, 21
190, 51
30, 64
0, 66
5, 59
145, 30
70, 67
275, 38
300, 59
375, 58
0, 64
125, 24
440, 64
145, 56
185, 75
180, 28
470, 24
100, 8
445, 49
0, 49
255, 55
50, 18
210, 27
350, 55
415, 67
285, 11
95, 22
490, 39
490, 46
330, 19
115, 60
55, 49
215, 72
280, 44
470, 61
165, 53
405, 25
350, 62
400, 53
70, 75
230, 76
300, 46
295, 44
170, 55
400, 79
330, 51
100, 39
50, 24
390, 8
135, 29
165, 76
105, 21
80, 46
305, 38
315, 12
80, 53
430, 7
350, 77
125, 70
210, 34
290, 78
80, 65
15, 57
105, 31
140, 65
50, 19
10, 59
250, 71
240, 77
210, 56
40, 18
45, 22
125, 43
280, 66
220, 17
405, 69
385, 9
70, 25
85, 49
235, 14
180, 70
375, 76
145, 29
375, 48
450, 52
325, 5
345, 22
265, 65
450, 78
10, 31
455, 56
465, 60
450, 41
280, 75
60, 55
145, 10
110, 62
430, 17
70, 29
390, 48
455, 67
330, 54
110, 73
360, 30
20, 69
95, 74
455, 41
230, 60
30, 26
105, 29
490, 31
130, 9
195, 64
115, 69
20, 66
240, 67
415, 14
265, 17
5, 26
5, 10
235, 32
430, 38
390, 49
470, 25
250, 20
290, 45
345, 13
180, 57
45, 9
280, 31
100, 20
215, 51
90, 18
460, 8
490, 46
215, 30
180, 32
100, 38
380, 45
135, 53
370, 22
85, 57
380, 74
240, 61
485, 28
120, 65
45, 34
250, 17
370, 28
100, 39
435, 46
155, 62
410, 10
315, 65
430, 80
60, 44
55, 77
435, 25
145, 52
490, 68
320, 77
335, 52
450, 39
420, 29
375, 44
25, 60
485, 23
225, 9
280, 76
20, 19
365, 10
335, 16
110, 45
45, 8
295, 58
95, 77
15, 57
390, 17
165, 30
455, 59
150, 9
100, 79
365, 43
50, 18
370, 51
225, 23
290, 19
395, 11
155, 52
345, 51
165, 78
310, 58
75, 70
10, 50
390, 15
20, 34
75, 51
305, 49
80, 12
65, 50
210, 38
95, 46
460, 61
255, 10
85, 69
480, 10
345, 35
480, 57
140, 8
155, 61
240, 14
420, 71
40, 75
80, 53
140, 35
35, 17
185, 74
95, 25
330, 51
0, 18
5, 73
270, 52
240, 29
65, 8
280, 71
310, 21
365, 43
325, 61
175, 18
195, 62
140, 40
215, 13
275, 64
335, 52
440, 74
260, 20
160, 69
430, 44
480, 15
145, 46
160, 52
10, 66
435, 61
405, 16
240, 77
120, 77
135, 29
375, 67
325, 57
485, 5
85, 61
165, 70
345, 47
10, 66
300, 56
425, 36
410, 32
5, 58
10, 11
290, 28
25, 6
490, 57
70, 80
0, 52
165, 60
75, 35
115, 8
40, 80
205, 65
90, 43
20, 53
170, 77
40, 6
425, 38
110, 26
395, 5
245, 62
125, 19
15, 48
320, 43
165, 51
130, 54
455, 61
215, 39
160, 42
240, 35
400, 38
415, 13
170, 35
455, 37
470, 48
395, 46
335, 79
200, 9
410, 43
355, 26
480, 31
220, 24
490, 13
110, 78
445, 65
455, 59
165, 66
340, 56
300, 32
0, 26
10, 45
395, 26
205, 20
230, 75
310, 19
35, 79
50, 61
215, 6
350, 37
120, 66
20, 8
80, 25
75, 66
305, 62
375, 80
415, 54
180, 80
345, 17
455, 71
195, 71
490, 74
95, 69
260, 35
155, 50
165, 28
135, 29
230, 36
140, 64
295, 78
195, 24
400, 9
75, 75
150, 21
335, 15
450, 29
425, 19
310, 22
385, 55
110, 38
85, 59
60, 20
150, 41
425, 26
20, 41
50, 63
205, 49
15, 62
260, 7
125, 19
280, 33
260, 29
15, 20
465, 16
115, 8
435, 44
455, 59
130, 30
155, 12
0, 42
330, 14
490, 63
100, 43
260, 57
65, 32
495, 57
5, 74
190, 19
430, 14
10, 14
335, 21
305, 6
190, 67
380, 52
380, 9
455, 49
190, 73
330, 44
50, 61
415, 37
20, 12
95, 57
160, 6
15, 42
170, 45
345, 9
325, 57
310, 18
455, 73
485, 6
5, 61
320, 34
245, 7
50, 74
410, 7
385, 52
60, 51
290, 21
210, 61
445, 51
415, 39
240, 5
280, 63
340, 48
290, 12
35, 63
440, 68
30, 10
325, 51
330, 41
185, 35
40, 6
245, 6
145, 50
235, 29
495, 66
290, 66
420, 55
315, 25
0, 20
390, 65
185, 38
475, 61
45, 7
270, 73
145, 60
190, 41
165, 76
50, 47
295, 78
475, 53
290, 34
130, 49
410, 52
85, 38
445, 75
0, 56
180, 36
185, 48
245, 39
125, 33
465, 16
275, 13
125, 36
335, 38
465, 74
180, 63
285, 70
0, 55
445, 38
415, 25
130, 57
470, 15
190, 80
240, 34
380, 40
135, 21
185, 27
120, 57
315, 22
370, 35
140, 33
250, 47
420, 60
250, 12
60, 51
350, 53
125, 67
210, 73
425, 16
160, 49
265, 76
490, 57
390, 37
460, 64
100, 66
275, 14
430, 41
405, 14
140, 7
190, 78
200, 75
370, 29
185, 67
175, 26
170, 62
180, 48
150, 68
290, 52
280, 79
355, 10
470, 50
485, 18
305, 60
25, 53
220, 54
335, 26
410, 12
310, 45
0, 80
395, 42
270, 73
385, 71
180, 71
70, 38
220, 42
345, 21
410, 45
195, 51
430, 15
110, 59
350, 56
220, 52
335, 8
380, 69
465, 71
435, 74
125, 22
205, 32
155, 17
90, 63
300, 58
150, 59
40, 39
245, 45
280, 39
275, 35
235, 75
80, 12
210, 13
415, 7
215, 28
395, 45
10, 15
145, 27
405, 31
480, 73
230, 65
55, 19
200, 40
330, 24
395, 20
205, 48
285, 50
240, 67
205, 30
115, 39
265, 30
415, 54
5, 56
115, 7
195, 46
310, 26
20, 19
55, 44
415, 7
285, 64
230, 20
260, 34
425, 57
325, 28
220, 35
240, 38
330, 67
390, 6
105, 15
65, 78
15, 60
105, 73
300, 49
465, 80
115, 68
430, 79
125, 13
245, 47
75, 77
220, 25
480, 10
30, 15
270, 44
70, 68
495, 35
445, 59
340, 64
60, 34
380, 24
10, 26
325, 69
475, 69
235, 8
465, 39
430, 46
70, 56
310, 61
290, 29
430, 59
455, 35
445, 54
205, 69
420, 80
365, 37
400, 10
150, 30
105, 55
95, 59
200, 5
315, 32
195, 26
140, 16
135, 43
265, 24
120, 21
475, 48
450, 45
235, 80
315, 17
140, 79
445, 65
140, 40
85, 23
120, 42
295, 12
430, 61
170, 27
440, 67
485, 11
270, 58
410, 68
40, 7
125, 23
100, 41
410, 20
185, 10
15, 37
25, 23
390, 59
480, 56
415, 10
425, 54
305, 74
45, 10
215, 56
420, 26
255, 42
125, 31
455, 77
315, 49
220, 63
390, 11
475, 6
215, 71
130, 67
35, 26
435, 60
195, 37
275, 46
170, 12
220, 37
420, 75
160, 50
65, 16
345, 68
20, 73
100, 51
195, 60
305, 67
465, 63
390, 77
175, 16
475, 80
160, 76
200, 37
25, 48
165, 24
295, 55
170, 27
460, 28
450, 77
90, 17
205, 35
260, 75
15, 6
30, 56
395, 27
240, 37
80, 72
455, 63
0, 60
355, 24
260, 46
295, 80
495, 61
445, 50
250, 64
335, 41
285, 78
325, 68
120, 11
380, 79
260, 11
420, 51
115, 28
375, 62
310, 62
380, 61
405, 46
450, 37
355, 40
275, 29
135, 14
65, 32
230, 38
370, 49
70, 7
15, 77
320, 41
260, 13
290, 34
460, 75
235, 30
120, 41
405, 38
50, 51
235, 32
375, 38
145, 19
255, 11
490, 7
435, 71
325, 55
35, 73
65, 6
340, 72
130, 77
280, 65
85, 29
75, 14
340, 62
330, 70
435, 45
85, 80
255, 68
390, 42
140, 9
215, 64
80, 45
325, 55
60, 26
205, 38
90, 76
270, 58
415, 50
245, 18
390, 49
25, 43
25, 63
120, 49
335, 80
60, 13
285, 27
405, 62
215, 14
295, 23
210, 80
260, 70
235, 79
250, 58
5, 16
455, 32
90, 57
305, 27
85, 38
480, 75
380, 19
135, 40
365, 53
210, 32
200, 71
445, 71
360, 21
280, 60
75, 17
115, 44
460, 42
280, 51
355, 39
170, 65
75, 16
435, 66
385, 5
150, 35
45, 23
490, 72
330, 78
310, 17
305, 70
365, 38
335, 27
230, 61
100, 8
310, 35
435, 6
210, 24
275, 40
240, 47
160, 65
15, 11
460, 24
305, 71
480, 42
165, 43
60, 26
80, 9
360, 11
365, 46
225, 13
105, 29
20, 53
355, 20
250, 33
150, 29
175, 33
90, 72
335, 71
210, 71
85, 41
310, 69
255, 10
300, 44
360, 60
115, 68
340, 56
270, 53
270, 42
470, 32
190, 78
135, 34
355, 18
170, 52
430, 48
100, 54
265, 67
225, 66
90, 50
365, 76
485, 35
450, 70
300, 18
240, 76
315, 73
200, 60
25, 31
145, 62
325, 71
425, 77
95, 12
350, 77
300, 62
170, 32
175, 26
265, 5
185, 37
115, 9
30, 71
135, 37
385, 24
135, 7
90, 28
185, 72
385, 65
140, 49
10, 38
335, 67
380, 49
25, 45
440, 10
205, 66
445, 41
160, 46
165, 51
415, 55
155, 60
395, 14
415, 24
225, 15
220, 34
475, 11
0, 46
300, 47
270, 78
10, 20
195, 37
305, 75
405, 5
145, 36
315, 52
60, 64
30, 79
145, 59
120, 10
310, 60
265, 40
35, 40
45, 54
225, 65
370, 42
485, 8
395, 57
20, 70
110, 49
75, 44
470, 14
20, 53
195, 33
415, 61
160, 24
440, 37
400, 35
365, 13
30, 44
345, 9
480, 77
50, 31
140, 14
300, 64
5, 45
330, 61
470, 44
50, 64
190, 26
160, 72
225, 22
320, 55
65, 40
95, 34
30, 7
285, 71
470, 51
270, 66
220, 31
380, 49
185, 44
270, 42
400, 22
470, 51
30, 68
65, 49
275, 62
400, 46
280, 26
390, 34
450, 7
485, 57
480, 69
20, 19
405, 76
85, 80
350, 69
0, 21
370, 12
25, 35
315, 36
420, 13
245, 30
35, 9
370, 16
200, 43
385, 67
20, 66
145, 48
480, 34
470, 75
0, 48
0, 66
80, 58
470, 17
80, 30
170, 17
85, 39
255, 24
165, 22
380, 11
240, 41
215, 44
175, 49
95, 58
85, 12
200, 63
155, 51
25, 44
310, 58
415, 24
490, 57
300, 16
300, 7
280, 59
390, 27
275, 76
470, 30
165, 29
45, 42
275, 9
75, 36
85, 36
25, 74
360, 61
40, 48
40, 32
450, 69
240, 21
115, 18
475, 46
405, 57
445, 47
360, 46
85, 20
275, 68
200, 68
180, 47
185, 59
5, 13
445, 62
285, 26
340, 18
10, 48
45, 65
345, 79
40, 21
105, 43
275, 67
60, 38
370, 28
90, 56
70, 9
175, 26
240, 73
330, 9
80, 38
390, 48
60, 50
40, 50
370, 9
240, 72
250, 72
125, 38
210, 49
135, 36
405, 80
320, 32
65, 7
120, 44
160, 31
175, 32
20, 33
190, 35
490, 63
170, 41
470, 56
75, 5
80, 15
485, 33
365, 25
490, 64
425, 69
70, 10
5, 63
405, 26
450, 38
455, 9
315, 32
65, 27
10, 6
160, 26
265, 75
100, 40
235, 30
465, 75
290, 68
485, 75
385, 78
240, 63
190, 49
170, 9
30, 70
15, 42
110, 62
215, 11
390, 63
85, 59
450, 54
275, 45
285, 12
410, 67
345, 18
185, 32
165, 54
410, 32
260, 43
260, 41
245, 45
20, 69
30, 17
125, 46
470, 30
310, 59
210, 61
125, 66
125, 52
275, 38
190, 34
345, 38
380, 76
400, 44
10, 49
110, 61
65, 10
440, 7
385, 9
335, 35
85, 26
310, 33
485, 9
155, 52
310, 31
110, 16
155, 46
145, 74
345, 72
140, 59
120, 36
200, 78
200, 48
210, 41
285, 21
60, 33
455, 10
370, 44
130, 36
165, 11
210, 37
460, 68
385, 46
265, 56
480, 36
235, 42
165, 20
50, 6
355, 28
90, 32
365, 22
145, 51
200, 51
495, 5
60, 5
370, 52
0, 5
105, 35
35, 31
315, 41
125, 44
200, 43
305, 74
15, 38
215, 44
240, 70
260, 12
250, 53
305, 42
90, 76
100, 32
145, 14
160, 22
145, 42
390, 37
35, 64
485, 8
10, 70
220, 67
350, 61
475, 45
475, 58
290, 52
125, 69
305, 23
145, 46
450, 17
310, 45
205, 64
405, 19
40, 47
225, 43
185, 37
460, 41
345, 59
215, 50
10, 31
40, 49
445, 56
15, 18
75, 79
5, 15
350, 14
15, 53
430, 5
90, 72
5, 16
105, 38
465, 31
410, 68
215, 53
125, 28
420, 47
5, 42
425, 28
55, 47
380, 63
300, 43
330, 23
125, 32
190, 15
20, 15
50, 63
390, 80
235, 14
15, 9
235, 44
120, 14
305, 31
355, 48
90, 15
50, 67
440, 57
270, 42
445, 41
355, 7
275, 68
145, 77
170, 37
215, 61
5, 57
230, 54
80, 18
50, 13
495, 19
110, 64
480, 27
50, 61
345, 35
370, 32
15, 46
340, 19
230, 43
425, 21
165, 55
425, 67
55, 52
335, 33
460, 78
375, 23
450, 58
455, 36
200, 5
475, 80
455, 48
315, 65
185, 6
305, 75
405, 60
215, 64
120, 38
415, 61
460, 41
370, 69
90, 56
110, 16
465, 75
295, 62
285, 22
320, 16
495, 19
235, 23
215, 35
155, 33
450, 20
265, 49
185, 27
195, 44
405, 41
400, 58
315, 33
210, 73
310, 8
390, 14
40, 41
155, 58
275, 9
145, 5
365, 75
305, 37
455, 61
415, 44
150, 71
470, 32
430, 68
140, 30
170, 24
20, 72
95, 35
375, 15
450, 33
455, 28
305, 24
180, 68
130, 38
175, 41
220, 61
60, 6
305, 72
60, 59
220, 37
200, 52
450, 17
130, 43
480, 19
170, 45
240, 54
300, 22
165, 34
460, 15
330, 47
150, 24
250, 69
420, 8
115, 33
15, 80
100, 64
445, 77
495, 44
195, 72
370, 37
340, 51
415, 31
375, 24
75, 42
400, 26
205, 33
25, 75
150, 75
325, 49
385, 49
385, 78
195, 30
190, 13
125, 31
155, 77
105, 5
375, 74
210, 56
350, 10
340, 10
60, 80
10, 48
345, 79
410, 33
325, 47
175, 46
150, 12
145, 52
475, 47
225, 37
110, 9
375, 24
110, 58
275, 48
300, 26
480, 30
360, 75
375, 49
355, 27
130, 20
195, 15
360, 69
235, 68
470, 11
325, 59
130, 79
310, 12
370, 75
335, 37
20, 6
255, 76
100, 43
140, 58
85, 32
450, 26
10, 31
405, 62
150, 75
195, 38
335, 63
275, 75
220, 29
465, 46
360, 59
220, 73
175, 31
430, 45
375, 63
260, 56
445, 36
190, 59
445, 5
145, 15
85, 6
415, 11
70, 11
445, 11
130, 75
465, 35
5, 68
15, 45
185, 48
395, 61
155, 23
95, 61
135, 69
255, 31
140, 17
325, 42
450, 17
265, 58
145, 63
160, 61
170, 7
25, 40
275, 9
60, 48
310, 5
450, 15
400, 46
490, 21
180, 63
215, 38
355, 51
160, 21
170, 45
15, 65
240, 48
15, 8
170, 68
200, 66
380, 44
95, 39
400, 71
450, 47
15, 51
360, 68
185, 58
255, 22
155, 51
165, 55
450, 23
65, 38
385, 56
390, 78
65, 45
10, 61
15, 11
115, 78
240, 27
135, 25
35, 48
45, 65
345, 73
45, 64
160, 28
405, 37
225, 13
405, 65
170, 9
70, 69
305, 79
40, 25
435, 64
160, 73
300, 77
330, 6
415, 48
330, 34
265, 63
235, 20
445, 69
90, 61
310, 8
40, 71
200, 18
25, 52
345, 32
90, 25
310, 41
145, 47
315, 29
215, 60
0, 30
260, 26
350, 26
370, 7
390, 80
10, 29
425, 55
335, 62
65, 68
170, 20
175, 38
170, 67
295, 38
385, 77
405, 47
465, 43
420, 15
290, 20
430, 5
400, 40
445, 63
280, 78
350, 57
410, 57
270, 62
440, 22
460, 63
160, 46
85, 27
145, 78
450, 60
350, 17
25, 21
170, 65
360, 7
385, 49
155, 52
305, 54
65, 22
435, 30
65, 31
310, 79
165, 60
0, 27
445, 28
100, 33
380, 66
100, 26
145, 21
475, 74
310, 21
270, 38
125, 56
490, 32
115, 30
450, 15
170, 71
275, 35
115, 69
150, 72
460, 33
65, 19
270, 33
255, 36
405, 36
170, 39
310, 22
315, 75
190, 41
145, 20
155, 80
185, 42
260, 60
115, 61
185, 9
320, 53
295, 31
305, 52
325, 12
175, 58
205, 76
390, 40
55, 12
420, 48
350, 30
140, 60
205, 54
205, 30
315, 31
275, 17
225, 50
415, 72
400, 76
375, 70
320, 22
30, 57
305, 16
325, 17
350, 58
165, 10
295, 30
390, 66
265, 15
335, 56
15, 41
235, 47
105, 48
245, 44
155, 74
235, 10
160, 56
115, 42
75, 20
340, 36
140, 72
370, 78
340, 39
135, 14
25, 26
90, 50
190, 76
240, 55
115, 14
295, 18
450, 77
115, 34
210, 8
55, 39
135, 18
485, 19
125, 60
475, 59
60, 47
205, 5
365, 59
290, 52
410, 65
225, 37
415, 5
360, 5
465, 15
55, 59
95, 14
455, 64
40, 7
220, 19
240, 24
25, 46
415, 37
175, 73
245, 77
385, 36
140, 52
135, 55
135, 58
170, 72
135, 77
470, 29
295, 29
65, 39
255, 49
210, 53
170, 48
265, 71
110, 34
245, 17
495, 64
250, 61
120, 16
225, 66
125, 8
310, 35
210, 8
370, 68
50, 64
405, 42
235, 43
490, 16
405, 34
380, 79
215, 73
305, 43
135, 43
310, 80
135, 23
235, 37
140, 19
280, 71
455, 33
325, 29
130, 26
100, 74
320, 27
185, 68
460, 21
350, 66
325, 38
435, 23
185, 78
320, 15
95, 15
190, 48
5, 46
330, 22
465, 12
235, 53
190, 15
490, 37
355, 36
115, 31
125, 41
230, 5
355, 19
120, 14
355, 24
425, 30
240, 25
325, 36
450, 60
210, 58
185, 80
210, 29
450, 62
240, 21
300, 6
225, 27
75, 75
155, 45
180, 33
170, 23
145, 77
310, 45
100, 18
135, 40
325, 53
280, 33
390, 9
50, 62
95, 25
245, 57
325, 5
470, 23
390, 8
470, 55
420, 7
240, 65
70, 74
405, 57
240, 68
0, 37
45, 63
470, 22
450, 22
185, 44
265, 23
230, 11
50, 57
285, 64
425, 29
445, 20
285, 44
310, 8
470, 63
335, 55
10, 70
255, 34
45, 54
435, 75
355, 9
25, 7
285, 8
10, 36
385, 75
170, 11
260, 13
380, 6
30, 75
150, 26
200, 39
65, 17
230, 77
70, 20
220, 43
360, 78
170, 27
470, 28
70, 58
220, 52
375, 32
120, 43
235, 48
50, 17
255, 47
375, 43
65, 28
130, 34
85, 41
400, 22
340, 58
450, 67
280, 47
270, 61
165, 54
65, 49
195, 51
480, 37
360, 54
115, 62
175, 62
460, 79
145, 11
180, 18
140, 64
255, 61
80, 38
145, 47
260, 58
255, 67
460, 70
265, 23
180, 6
105, 25
485, 10
160, 69
465, 30
445, 10
145, 11
335, 23
495, 11
30, 75
340, 58
340, 47
465, 33
335, 27
435, 50
150, 73
235, 72
40, 39
445, 75
75, 79
115, 70
60, 70
440, 24
190, 8
90, 17
340, 75
190, 37
10, 64
455, 67
455, 80
455, 72
400, 38
95, 61
135, 23
440, 14
15, 29
140, 79
40, 38
375, 27
355, 53
305, 18
130, 39
355, 59
275, 65
405, 41
205, 26
245, 54
350, 9
455, 7
250, 8
340, 28
455, 54
320, 59
335, 11
10, 45
480, 9
20, 72
120, 28
370, 5
70, 80
490, 56
340, 20
50, 28
235, 27
365, 34
275, 5
160, 74
75, 19
305, 72
140, 26
255, 33
320, 30
150, 50
290, 78
270, 73
390, 44
50, 56
450, 28
345, 46
260, 48
95, 24
340, 13
485, 53
135, 65
340, 49
435, 38
105, 7
30, 57
25, 80
210, 35
215, 65
240, 41
105, 20
260, 25
445, 79
350, 69
300, 51
65, 43
270, 49
290, 79
190, 13
55, 49
400, 13
490, 17
5, 52
170, 7
50, 42
250, 40
340, 65
290, 55
185, 43
315, 57
80, 73
80, 74
65, 13
485, 11
65, 60
120, 17
420, 38
240, 79
175, 31
310, 9
355, 8
485, 60
80, 70
280, 17
100, 67
380, 64
330, 32
425, 78
175, 66
340, 24
70, 46
465, 42
25, 28
300, 63
45, 20
305, 67
450, 71
360, 74
335, 41
160, 26
45, 56
275, 66
205, 66
55, 66
75, 39
65, 15
120, 37
405, 49
220, 22
235, 21
305, 72
95, 54
450, 74
305, 78
240, 79
25, 57
170, 21
475, 42
220, 14
230, 34
55, 69
125, 11
275, 8
390, 65
490, 27
90, 60
340, 11
185, 49
390, 31
225, 45
145, 51
70, 6
495, 23
80, 27
365, 7
465, 78
410, 6
0, 29
155, 16
390, 43
100, 72
480, 14
40, 11
250, 35
410, 54
285, 17
455, 7
0, 45
130, 51
405, 5
475, 56
320, 57
80, 51
335, 78
0, 53
10, 63
110, 59
385, 74
225, 20
200, 13
185, 24
270, 64
445, 8
95, 66
255, 63
100, 45
60, 15
195, 15
325, 67
290, 63
200, 52
100, 32
445, 26
325, 37
345, 47
380, 34
185, 45
330, 68
235, 12
200, 15
90, 30
45, 12
10, 11
475, 61
345, 27
395, 14
115, 67
135, 62
170, 37
180, 35
340, 71
290, 80
235, 11
375, 18
60, 71
365, 17
190, 15
380, 58
475, 78
165, 44
410, 36
5, 46
85, 11
425, 18
190, 71
385, 26
50, 6
145, 5
165, 59
215, 54
455, 45
105, 80
130, 35
350, 35
300, 56
30, 48
385, 5
485, 21
170, 56
130, 15
225, 9
30, 14
0, 23
90, 7
210, 80
200, 32
235, 7
350, 32
135, 70
355, 33
40, 70
185, 69
145, 8
495, 57
165, 8
295, 16
60, 67
430, 8
190, 51
35, 69
50, 75
455, 23
50, 55
420, 35
115, 55
160, 42
130, 38
245, 55
230, 6
450, 14
280, 19
90, 42
340, 66
55, 72
395, 58
465, 31
455, 39
460, 25
130, 23
190, 71
280, 46
110, 26
425, 57
315, 6
385, 7
285, 21
470, 18
380, 49
365, 6
285, 25
165, 15
460, 42
405, 65
280, 67
255, 22
420, 63
470, 14
295, 16
190, 8
0, 45
380, 67
55, 58
180, 60
175, 17
55, 19
310, 69
205, 46
490, 27
465, 9
260, 50
465, 15
5, 30
105, 20
190, 37
100, 28
455, 27
300, 73
330, 9
385, 15
170, 13
340, 16
100, 48
40, 14
420, 65
125, 40
270, 30
175, 61
385, 15
120, 53
475, 6
290, 66
30, 61
450, 44
465, 10
405, 55
180, 45
300, 65
440, 80
185, 43
480, 74
110, 53
120, 53
0, 48
310, 20
475, 21
175, 80
280, 16
155, 34
415, 52
235, 44
105, 5
275, 47
135, 9
390, 78
75, 38
40, 64
220, 25
465, 75
270, 31
255, 17
450, 10
440, 32
50, 58
430, 20
210, 22
210, 7
65, 39
180, 24
65, 74
405, 65
95, 32
200, 74
210, 26
85, 78
485, 56
270, 73
430, 23
215, 10
70, 39
165, 17
365, 34
425, 61
215, 70
330, 8
200, 33
435, 48
45, 60
405, 64
430, 63
410, 74
235, 25
40, 14
205, 71
290, 8
365, 78
450, 32
245, 57
385, 6
200, 68
360, 55
445, 77
425, 15
405, 76
290, 11
35, 37
325, 45
100, 37
220, 67
430, 68
200, 10
325, 35
465, 26
190, 62
350, 55
440, 39
140, 68
180, 16
195, 74
100, 29
130, 17
290, 59
55, 60
215, 12
285, 55
370, 46
315, 67
315, 52
20, 6
405, 24
255, 11
10, 49
490, 60
130, 15
175, 9
175, 24
35, 41
155, 67
365, 71
420, 10
360, 80
405, 27
225, 53
355, 6
270, 6
385, 23
260, 27
275, 32
70, 51
335, 10
140, 47
370, 49
300, 21
250, 80
390, 53
40, 34
95, 24
55, 42
230, 75
430, 36
220, 73
45, 28
490, 63
190, 17
145, 33
185, 18
155, 68
255, 62
185, 71
35, 35
205, 49
150, 64
495, 52
275, 29
0, 42
315, 18
120, 51
355, 57
395, 39
175, 35
205, 13
420, 29
285, 80
0, 37
455, 56
65, 20
200, 59
285, 76
360, 29
315, 65
465, 48
245, 71
195, 76
295, 24
305, 60
140, 34
300, 16
135, 15
15, 71
340, 46
95, 34
415, 39
200, 16
245, 71
360, 19
445, 79
65, 70
95, 21
465, 48
240, 9
270, 14
30, 39
410, 17
150, 9
330, 46
150, 19
460, 75
100, 79
210, 70
100, 22
375, 48
290, 72
360, 61
455, 56
235, 19
125, 52
45, 23
195, 61
385, 38
165, 12
195, 71
390, 53
5, 8
380, 36
280, 26
30, 42
435, 47
255, 53
55, 38
80, 68
265, 80
290, 18
165, 80
415, 45
365, 22
115, 20
340, 68
405, 58
340, 25
220, 45
270, 11
25, 21
85, 66
280, 33
35, 10
215, 45
325, 64
205, 75
330, 43
60, 8
145, 56
360, 73
250, 24
420, 74
380, 60
245, 39
245, 47
190, 54
440, 55
340, 30
420, 39
375, 7
230, 26
285, 53
195, 20
265, 14
365, 32
40, 80
215, 54
285, 77
315, 12
15, 35
305, 41
220, 75
260, 11
105, 15
320, 72
430, 26
235, 49
215, 76
75, 40
290, 25
150, 21
460, 62
485, 77
205, 52
55, 33
175, 77
445, 58
335, 19
365, 43
295, 9
30, 43
485, 57
465, 76
70, 29
375, 48
110, 17
155, 51
340, 69
340, 68
5, 25
335, 25
385, 43
220, 49
305, 54
270, 9
100, 8
270, 67
320, 69
245, 67
120, 56
25, 17
420, 34
300, 42
340, 10
5, 41
130, 42
325, 17
235, 9
0, 69
30, 34
275, 58
30, 8
190, 31
180, 62
245, 7
145, 16
315, 63
360, 52
465, 28
390, 40
200, 41
385, 37
115, 72
325, 32
130, 79
10, 7
35, 12
20, 39
445, 42
295, 62
125, 21
180, 33
285, 69
350, 7
80, 21
360, 51
200, 30
90, 61
125, 62
0, 27
180, 68
270, 68
50, 56
115, 54
70, 15
490, 27
365, 67
95, 68
165, 79
160, 79
270, 31
100, 66
365, 53
355, 25
395, 23
20, 78
490, 55
360, 65
485, 37
165, 42
0, 66
255, 50
295, 12
440, 8
400, 34
135, 50
200, 11
10, 29
225, 27
90, 62
15, 14
410, 41
430, 77
280, 29
155, 21
480, 62
325, 42
175, 51
95, 73
450, 35
5, 34
495, 28
90, 42
435, 42
90, 21
340, 15
5, 79
90, 60
310, 59
360, 23
60, 40
255, 50
315, 49
125, 36
130, 36
85, 42
445, 21
115, 13
475, 63
75, 75
405, 11
55, 67
155, 5
305, 6
100, 55
445, 70
25, 17
450, 50
290, 41
265, 55
190, 23
20, 52
190, 74
480, 48
155, 71
310, 76
25, 61
490, 54
20, 33
435, 64
445, 68
410, 37
80, 12
40, 14
205, 7
450, 36
145, 31
190, 73
230, 5
435, 73
50, 69
375, 18
105, 7
140, 42
495, 44
45, 49
405, 68
300, 79
150, 40
355, 61
200, 28
90, 11
130, 10
45, 47
450, 27
325, 39
250, 71
40, 9
50, 15
230, 10
90, 27
240, 33
245, 59
165, 5
30, 78
335, 36
425, 74
325, 8
80, 72
50, 72
225, 39
0, 61
465, 41
490, 52
0, 49
435, 24
315, 10
90, 24
480, 6
80, 18
485, 24
20, 8
220, 56
60, 9
295, 33
465, 63
150, 72
60, 57
320, 60
15, 32
75, 6
485, 60
190, 18
350, 58
170, 29
400, 8
180, 61
180, 30
490, 10
190, 30
385, 8
425, 73
275, 39
5, 30
30, 25
185, 59
185, 20
140, 41
60, 6
200, 16
285, 31
250, 38
135, 72
330, 33
85, 8
405, 8
240, 19
55, 34
480, 34
55, 40
425, 54
35, 8
25, 28
255, 73
415, 16
180, 64
495, 79
30, 79
180, 44
65, 75
405, 78
195, 67
10, 6
290, 65
475, 78
290, 44
255, 79
275, 13
155, 73
140, 61
85, 11
70, 51
120, 68
265, 63
125, 30
335, 24
40, 40
235, 66
190, 67
435, 59
315, 15
25, 21
480, 28
360, 69
145, 13
480, 76
350, 54
270, 43
280, 16
490, 77
65, 9
450, 65
35, 73
370, 75
100, 70
5, 13
340, 78
245, 53
315, 78
0, 40
320, 33
425, 39
335, 67
475, 40
125, 66
350, 74
450, 14
15, 65
475, 9
245, 11
335, 71
5, 33
55, 31
480, 9
165, 54
320, 34
415, 49
200, 34
255, 74
240, 63
145, 10
100, 19
275, 72
205, 23
375, 40
495, 31
335, 16
335, 78
375, 26
155, 29
270, 68
270, 15
485, 53
40, 78
25, 64
480, 13
495, 44
495, 49
5, 63
155, 23
75, 59
160, 79
380, 31
65, 56
120, 15
385, 52
490, 15
125, 46
355, 12
15, 7
230, 51
225, 30
380, 72
300, 11
130, 17
380, 14
80, 13
465, 45
95, 5
105, 5
170, 15
210, 18
325, 68
270, 6
245, 38
275, 44
335, 45
205, 28
135, 70
415, 46
70, 36
115, 19
200, 57
490, 66
130, 9
350, 18
210, 17
310, 23
355, 37
120, 17
235, 41
205, 32
455, 56
45, 76
25, 15
255, 54
275, 72
420, 43
100, 17
275, 72
335, 58
455, 5
250, 22
435, 47
165, 17
100, 50
85, 58
55, 38
260, 28
475, 32
470, 49
210, 66
105, 75
300, 23
345, 43
35, 22
5, 46
190, 25
270, 70
135, 17
210, 52
425, 51
395, 62
335, 73
265, 70
25, 58
35, 71
365, 55
80, 44
225, 19
365, 27
315, 24
90, 33
40, 52
340, 60
300, 13
400, 12
455, 80
185, 32
385, 42
225, 38
125, 60
320, 60
365, 13
320, 40
295, 28
170, 63
330, 34
25, 30
225, 42
195, 55
405, 57
115, 16
260, 75
35, 40
305, 62
105, 71
110, 23
235, 14
25, 54
125, 24
305, 32
110, 72
70, 45
420, 56
75, 19
15, 34
340, 39
240, 29
495, 67
40, 32
215, 25
445, 39
50, 24
480, 47
295, 68
55, 18
225, 28
385, 22
235, 16
240, 8
300, 44
490, 33
40, 7
365, 58
5, 46
310, 28
305, 37
430, 25
170, 69
305, 13
20, 19
40, 38
105, 45
225, 72
395, 61
335, 23
435, 13
410, 14
335, 38
360, 21
405, 18
370, 42
390, 49
370, 27
190, 64
365, 42
190, 28
435, 14
15, 13
55, 68
230, 17
490, 75
285, 6
190, 8
375, 8
350, 28
300, 74
130, 7
405, 18
430, 76
445, 64
210, 56
440, 58
240, 55
175, 37
345, 41
30, 73
350, 80
345, 21
275, 67
370, 48
375, 60
125, 48
345, 71
395, 75
435, 5
275, 62
145, 76
305, 52
135, 10
40, 80
370, 29
285, 49
355, 75
470, 55
210, 29
300, 37
330, 13
320, 12
490, 44
220, 33
50, 75
175, 48
475, 31
305, 48
110, 60
225, 29
485, 7
95, 39
470, 76
255, 50
395, 58
245, 66
320, 19
75, 26
370, 79
435, 49
225, 5
375, 58
365, 58
235, 35
190, 25
375, 11
360, 65
185, 49
160, 66
285, 19
25, 44
125, 16
435, 35
370, 76
175, 76
310, 18
100, 39
0, 50
185, 53
50, 58
390, 37
405, 32
490, 9
90, 13
375, 60
200, 35
270, 66
5, 29
190, 16
440, 5
45, 72
365, 21
165, 73
425, 44
225, 11
155, 63
15, 12
180, 77
350, 33
390, 68
340, 45
65, 45
375, 8
435, 15
10, 16
260, 35
340, 43
325, 41
25, 44
280, 15
325, 57
285, 19
95, 54
5, 40
65, 24
115, 31
270, 62
350, 24
465, 43
5, 42
490, 69
95, 28
50, 33
30, 53
430, 49
175, 57
405, 66
265, 17
325, 77
275, 26
165, 30
370, 53
335, 10
95, 64
75, 38
120, 22
425, 18
10, 14
350, 59
365, 47
275, 58
235, 49
200, 24
115, 23
455, 72
95, 66
140, 40
475, 78
125, 74
405, 22
45, 12
80, 50
70, 71
475, 39
55, 21
75, 49
90, 9
450, 24
80, 64
290, 69
110, 27
220, 22
435, 72
305, 8
355, 48
335, 6
150, 47
225, 61
450, 45
325, 57
320, 7
145, 73
50, 73
300, 44
395, 20
70, 60
230, 65
65, 51
180, 5
35, 36
345, 57
250, 58
370, 72
50, 74
380, 68
490, 25
40, 71
255, 18
315, 45
320, 32
135, 63
335, 8
130, 65
175, 20
30, 61
240, 59
125, 29
115, 75
460, 51
75, 24
155, 56
305, 57
340, 69
425, 18
180, 45
485, 54
310, 52
375, 23
495, 66
25, 33
310, 5
450, 73
140, 76
165, 54
460, 61
430, 45
115, 19
90, 51
405, 7
10, 74
230, 70
95, 30
35, 33
475, 59
360, 34
475, 21
360, 64
280, 71
285, 72
450, 54
115, 10
405, 57
20, 17
250, 16
450, 52
325, 28
110, 63
245, 27
275, 27
50, 59
260, 52
140, 38
195, 47
260, 7
105, 68
95, 41
200, 48
150, 62
290, 20
350, 53
480, 8
165, 36
295, 27
260, 20
90, 6
400, 5
60, 62
265, 17
50, 65
25, 44
295, 63
445, 10
290, 8
385, 78
170, 74
310, 17
135, 37
455, 13
425, 12
490, 56
80, 49
485, 57
340, 75
95, 42
85, 16
355, 47
170, 69
20, 54
5, 34
400, 53
490, 29
50, 16
325, 22
250, 64
240, 38
215, 54
465, 34
130, 74
60, 24
270, 7
345, 31
200, 70
320, 20
5, 62
365, 61
145, 47
205, 10
35, 79
315, 27
375, 37
420, 8
410, 48
155, 32
390, 40
280, 12
470, 51
115, 63
350, 65
205, 45
320, 21
165, 77
480, 77
490, 54
160, 37
180, 45
365, 55
285, 34
30, 64
125, 50
350, 66
460, 27
355, 41
80, 72
140, 28
450, 43
35, 41
135, 15
150, 38
380, 5
465, 71
395, 24
345, 42
240, 63
365, 16
105, 31
230, 7
110, 28
405, 62
70, 28
240, 80
45, 69
410, 39
205, 41
35, 63
445, 32
255, 53
245, 68
215, 73
375, 68
450, 6
180, 19
275, 20
310, 79
230, 9
235, 11
145, 22
135, 73
340, 77
10, 35
185, 47
225, 22
290, 42
145, 25
390, 11
45, 55
40, 46
400, 15
255, 68
30, 73
170, 50
90, 13
330, 14
150, 45
400, 10
365, 55
375, 26
75, 77
45, 33
450, 79
30, 25
340, 68
170, 50
360, 7
470, 7
335, 17
260, 67
395, 49
5, 79
80, 30
100, 47
70, 31
120, 37
245, 15
285, 61
425, 16
390, 58
40, 38
495, 33
95, 45
270, 12
75, 48
465, 63
25, 37
190, 48
235, 14
175, 49
265, 74
375, 12
170, 59
230, 27
490, 68
445, 14
20, 12
30, 56
85, 11
285, 11
345, 14
405, 54
10, 22
305, 56
110, 56
20, 52
390, 11
175, 32
450, 70
240, 11
145, 68
160, 13
365, 49
420, 39
250, 52
465, 8
205, 54
415, 25
485, 56
425, 66
140, 50
35, 77
95, 38
90, 40
160, 41
310, 64
245, 33
40, 15
495, 29
355, 53
445, 80
440, 41
355, 49
365, 69
215, 27
100, 11
425, 62
195, 19
405, 28
470, 40
310, 24
30, 50
90, 63
345, 46
10, 27
90, 76
415, 71
440, 54
70, 61
135, 36
140, 62
445, 68
350, 19
60, 73
130, 28
155, 73
160, 36
490, 53
200, 33
60, 61
50, 66
65, 36
90, 51
340, 51
360, 15
290, 26
495, 41
10, 12
85, 20
75, 66
240, 50
315, 9
100, 80
255, 30
370, 78
5, 43
190, 80
470, 50
385, 70
390, 9
185, 71
195, 72
55, 6
370, 8
165, 68
315, 5
485, 30
305, 30
210, 46
200, 11
215, 71
305, 16
305, 72
380, 32
365, 39
340, 36
285, 59
465, 38
275, 76
340, 46
395, 9
170, 54
405, 17
415, 73
280, 31
65, 40
90, 7
365, 36
150, 75
60, 38
245, 20
350, 30
310, 31
0, 35
340, 47
145, 20
285, 24
290, 76
10, 25
40, 52
165, 78
450, 27
265, 48
280, 10
220, 80
480, 54
300, 57
150, 47
185, 71
70, 71
60, 34
110, 56
50, 50
390, 29
390, 30
230, 41
115, 11
465, 74
125, 66
390, 41
195, 26
460, 77
460, 59
5, 23
20, 78
50, 17
115, 68
300, 75
185, 75
190, 12
30, 66
340, 30
130, 27
20, 73
430, 36
440, 74
450, 19
445, 52
335, 25
350, 36
440, 32
70, 42
360, 33
165, 36
220, 56
490, 5
455, 46
315, 59
470, 80
70, 50
375, 45
450, 21
225, 69
490, 62
245, 61
175, 30
10, 13
90, 54
270, 14
180, 53
5, 15
295, 54
200, 28
460, 49
155, 18
15, 37
80, 27
485, 75
400, 15
405, 58
70, 21
125, 9
295, 72
405, 39
65, 56
195, 60
410, 43
390, 47
75, 55
440, 66
475, 67
95, 79
400, 13
155, 49
335, 14
35, 7
240, 50
340, 31
35, 73
100, 61
445, 74
315, 57
190, 10
215, 18
475, 26
190, 43
125, 22
165, 22
480, 32
405, 16
0, 6
370, 11
370, 55
475, 74
285, 6
295, 19
470, 59
490, 75
200, 67
455, 59
190, 69
395, 49
285, 44
320, 8
215, 47
50, 30
365, 52
45, 16
275, 15
400, 30
190, 28
55, 26
35, 44
90, 60
205, 71
360, 54
290, 22
210, 40
130, 68
385, 16
125, 22
180, 53
440, 5
330, 64
95, 51
240, 29
325, 48
115, 25
140, 61
40, 31
20, 15
325, 25
450, 25
95, 43
200, 26
340, 77
445, 56
295, 16
370, 56
295, 52
375, 30
215, 39
390, 15
10, 75
295, 24
20, 56
485, 37
90, 44
325, 74
160, 52
45, 32
400, 17
115, 71
250, 77
190, 26
35, 40
305, 52
185, 64
360, 14
460, 59
425, 59
445, 24
25, 48
470, 7
80, 25
430, 68
20, 79
310, 18
425, 33
435, 17
90, 26
165, 18
445, 67
100, 69
100, 5
390, 75
265, 63
480, 29
250, 13
310, 66
235, 79
85, 66
55, 59
170, 20
10, 10
105, 50
415, 68
165, 43
125, 27
100, 8
90, 21
320, 33
370, 21
30, 44
25, 25
355, 28
175, 64
410, 5
175, 25
140, 36
130, 71
485, 33
480, 27
165, 62
430, 46
205, 12
430, 70
495, 8
255, 19
60, 29
230, 54
80, 62
420, 22
40, 35
450, 61
65, 50
125, 71
315, 48
365, 12
295, 41
120, 51
25, 11
355, 6
340, 19
370, 5
215, 24
70, 78
95, 70
270, 48
405, 40
290, 56
145, 52
435, 49
275, 13
80, 22
360, 28
190, 19
280, 8
300, 22
75, 11
180, 40
435, 58
330, 40
105, 17
120, 7
340, 22
40, 32
375, 66
65, 27
230, 20
430, 29
70, 21
445, 64
410, 14
370, 52
275, 42
230, 35
340, 75
205, 74
105, 34
245, 51
415, 17
100, 58
240, 55
280, 27
235, 52
355, 59
330, 25
110, 56
210, 62
360, 47
345, 37
45, 40
285, 23
255, 51
20, 21
45, 76
195, 37
365, 7
415, 20
495, 31
320, 49
45, 60
280, 51
345, 25
310, 5
165, 47
150, 47
125, 31
385, 70
465, 56
55, 43
210, 60
165, 79
155, 25
355, 75
385, 43
230, 79
320, 65
215, 7
480, 64
65, 63
290, 59
165, 10
195, 57
20, 5
470, 62
60, 18
345, 63
480, 23
165, 16
50, 63
360, 27
285, 46
470, 38
25, 68
405, 58
235, 58
265, 9
430, 21
200, 18
40, 37
405, 8
355, 31
490, 9
410, 40
15, 8
185, 28
120, 13
380, 30
25, 74
135, 23
85, 6
120, 7
10, 49
300, 61
95, 68
440, 73
45, 71
335, 62
325, 17
470, 11
275, 19
460, 55
415, 70
295, 24
270, 17
140, 77
325, 57
75, 77
475, 68
310, 14
310, 30
115, 57
365, 51
375, 73
265, 22
460, 19
60, 80
5, 78
325, 54
465, 66
495, 19
185, 68
0, 57
190, 40
360, 71
130, 48
415, 77
0, 10
360, 69
110, 66
310, 39
385, 35
25, 32
90, 26
30, 35
100, 74
330, 66
150, 51
370, 17
345, 23
440, 34
490, 62
430, 62
80, 12
70, 48
305, 48
90, 80
330, 77
480, 63
385, 29
125, 71
270, 37
480, 8
40, 13
130, 55
290, 48
455, 17
265, 18
340, 31
310, 24
345, 16
200, 46
270, 9
240, 42
240, 9
325, 51
405, 34
290, 76
100, 71
315, 21
305, 69
235, 7
135, 70
320, 78
270, 17
115, 75
310, 72
225, 23
0, 7
295, 42
150, 76
110, 68
225, 77
450, 28
180, 56
255, 59
480, 63
155, 77
20, 38
90, 23
440, 56
300, 42
225, 76
135, 78
55, 18
400, 7
470, 37
240, 46
315, 18
250, 56
50, 42
0, 53
435, 54
325, 73
30, 72
265, 9
250, 10
120, 38
340, 46
30, 54
230, 23
120, 22
420, 6
355, 30
370, 57
180, 80
25, 16
310, 42
240, 66
440, 20
225, 67
210, 25
360, 22
355, 47
110, 49
445, 46
465, 12
460, 28
495, 37
35, 24
395, 12
175, 44
20, 45
450, 51
285, 40
105, 17
395, 54
475, 72
80, 19
435, 46
175, 45
375, 64
405, 19
335, 38
140, 71
350, 12
180, 77
200, 40
320, 67
70, 70
130, 7
485, 8
70, 11
440, 31
295, 46
90, 5
105, 24
65, 58
220, 50
10, 22
405, 48
270, 77
355, 68
335, 71
130, 54
450, 51
375, 76
140, 20
180, 56
325, 13
310, 16
205, 55
240, 6
320, 66
350, 51
340, 49
95, 66
255, 38
55, 45
75, 25
205, 58
350, 45
35, 13
10, 65
410, 21
195, 22
85, 51
400, 65
365, 15
155, 75
435, 39
425, 6
350, 55
325, 71
385, 19
160, 7
280, 9
450, 44
195, 76
305, 56
0, 15
245, 80
365, 46
235, 18
125, 28
365, 73
365, 66
290, 72
255, 38
10, 69
325, 56
205, 15
70, 12
25, 56
155, 7
340, 12
120, 20
415, 30
275, 79
335, 44
360, 72
320, 78
495, 52
340, 75
220, 25
290, 24
190, 27
350, 52
470, 27
120, 72
5, 24
40, 80
250, 63
45, 40
490, 52
385, 72
495, 18
460, 72
205, 45
10, 54
165, 39
265, 21
490, 60
190, 17
205, 58
220, 63
50, 47
335, 41
215, 46
455, 50
250, 60
350, 24
300, 47
5, 71
20, 65
180, 46
335, 26
105, 16
30, 53
40, 76
5, 50
485, 50
460, 70
305, 78
195, 37
270, 18
175, 42
135, 20
80, 76
260, 18
195, 16
45, 48
145, 11
305, 13
395, 42
415, 79
415, 50
305, 29
275, 5
240, 58
470, 14
405, 65
455, 60
265, 23
195, 57
130, 7
20, 74
95, 45
155, 78
215, 41
380, 36
230, 7
290, 44
305, 38
150, 11
470, 68
235, 25
140, 40
155, 18
310, 22
110, 45
95, 58
115, 16
200, 41
180, 64
340, 52
340, 18
70, 70
35, 8
140, 44
390, 28
495, 73
140, 63
0, 58
280, 42
205, 28
370, 16
330, 13
410, 41
495, 32
385, 34
305, 7
290, 38
360, 77
310, 36
145, 51
335, 5
335, 17
170, 79
300, 25
285, 14
105, 63
165, 38
430, 64
275, 41
55, 26
0, 75
420, 72
125, 38
335, 53
80, 42
40, 58
295, 58
50, 25
285, 59
105, 56
25, 43
475, 61
445, 71
470, 40
405, 37
465, 16
295, 68
20, 75
270, 63
70, 24
260, 72
405, 48
5, 40
140, 76
155, 73
170, 48
275, 74
60, 36
145, 66
115, 46
300, 60
335, 66
275, 56
75, 72
45, 43
385, 12
0, 11
480, 36
105, 10
215, 10
285, 51
70, 52
215, 77
65, 79
165, 7
5, 9
290, 13
280, 70
45, 17
195, 73
405, 18
25, 43
215, 6
330, 63
185, 11
340, 78
465, 42
130, 76
180, 15
485, 51
0, 27
255, 12
0, 76
245, 58
85, 76
20, 15
425, 46
205, 58
25, 23
380, 6
85, 13
480, 34
195, 48
275, 44
205, 20
215, 54
180, 55
455, 36
135, 73
395, 66
320, 75
35, 61
135, 57
315, 47
65, 40
405, 24
410, 68
150, 73
75, 13
105, 74
455, 44
320, 38
450, 23
45, 15
125, 9
190, 30
255, 13
445, 36
240, 59
260, 46
195, 75
125, 45
420, 50
180, 18
5, 32
35, 53
200, 36
485, 8
255, 63
110, 34
190, 60
465, 35
225, 63
470, 46
275, 70
260, 66
260, 20
350, 35
55, 42
315, 40
20, 49
200, 69
135, 13
90, 44
380, 37
160, 27
355, 77
410, 23
30, 48
155, 58
365, 75
310, 11
290, 16
20, 36
5, 68
255, 25
175, 56
150, 49
70, 35
0, 49
185, 28
30, 40
435, 80
195, 5
400, 14
450, 14
330, 67
40, 30
450, 22
315, 18
285, 74
485, 24
5, 40
125, 23
445, 54
320, 71
490, 63
5, 37
60, 29
215, 60
20, 15
495, 41
75, 79
150, 40
445, 46
430, 20
415, 76
250, 47
415, 73
5, 14
100, 31
75, 63
240, 26
440, 27
35, 53
330, 33
190, 34
360, 28
365, 9
30, 8
140, 18
440, 55
485, 8
115, 59
95, 61
125, 40
20, 52
25, 14
295, 72
455, 72
80, 7
495, 50
175, 77
200, 61
80, 44
480, 39
185, 79
5, 70
410, 56
195, 61
465, 50
200, 40
115, 17
355, 74
365, 38
210, 35
155, 7
265, 33
235, 36
20, 55
395, 31
15, 11
225, 67
310, 79
40, 70
330, 45
470, 35
90, 46
75, 22
495, 20
135, 77
85, 37
205, 63
335, 28
80, 56
105, 9
120, 73
330, 63
445, 44
50, 42
5, 66
245, 78
445, 12
170, 57
310, 26
145, 70
70, 53
455, 44
30, 77
385, 20
430, 52
55, 74
350, 25
180, 16
45, 59
35, 69
390, 32
415, 51
235, 26
65, 64
370, 11
465, 46
495, 74
220, 6
250, 58
170, 17
415, 75
205, 6
485, 48
270, 34
355, 79
355, 11
75, 49
285, 44
365, 55
60, 12
425, 26
380, 49
145, 61
45, 22
65, 65
220, 60
270, 44
260, 73
495, 60
280, 48
105, 18
135, 66
335, 67
380, 14
155, 10
125, 25
355, 56
285, 5
425, 49
255, 5
325, 38
80, 38
145, 73
320, 37
475, 76
15, 53
280, 8
215, 21
415, 7
60, 5
120, 78
410, 40
185, 66
335, 41
50, 70
470, 33
90, 30
410, 66
335, 69
450, 5
170, 80
40, 58
475, 27
305, 20
35, 12
235, 62
275, 15
425, 18
140, 26
295, 47
460, 43
385, 69
380, 69
340, 7
240, 37
180, 12
475, 56
305, 24
470, 72
25, 71
365, 30
295, 59
185, 29
30, 45
140, 24
35, 48
270, 44
50, 62
75, 65
470, 74
185, 66
120, 61
435, 41
250, 77
415, 32
325, 28
485, 17
160, 78
285, 67
205, 79
155, 61
225, 42
335, 54
275, 73
30, 14
405, 28
0, 29
235, 7
330, 49
245, 70
90, 26
0, 17
480, 38
15, 31
490, 34
160, 9
200, 77
20, 66
175, 35
310, 67
20, 27
325, 71
110, 76
395, 23
295, 5
310, 77
475, 10
35, 39
0, 51
15, 10
360, 40
385, 37
45, 80
45, 24
470, 60
80, 28
440, 9
135, 23
50, 41
410, 59
15, 57
195, 74
465, 73
85, 78
420, 38
5, 54
65, 58
205, 47
345, 43
105, 50
370, 77
415, 24
35, 49
440, 41
350, 12
135, 79
265, 25
160, 5
240, 78
485, 36
105, 11
395, 24
85, 45
485, 48
310, 43
80, 50
355, 9
430, 13
85, 66
405, 19
495, 41
85, 75
415, 27
160, 21
75, 28
225, 78
30, 43
430, 76
375, 78
85, 15
310, 5
15, 8
445, 43
200, 9
35, 6
255, 43
90, 35
0, 34
245, 37
290, 5
160, 26
485, 16
425, 49
180, 8
55, 21
170, 53
305, 8
265, 30
20, 11
5, 69
135, 76
355, 39
165, 38
90, 50
170, 27
90, 68
140, 29
290, 29
285, 12
440, 40
330, 37
90, 51
115, 61
50, 34
345, 37
140, 40
75, 10
205, 30
390, 38
495, 12
455, 73
360, 42
175, 75
435, 54
20, 36
255, 49
305, 51
70, 16
215, 24
175, 21
35, 58
290, 28
395, 80
170, 18
395, 70
5, 28
150, 65
185, 49
435, 63
150, 68
220, 47
195, 30
400, 55
145, 61
50, 13
55, 70
485, 75
355, 28
265, 40
305, 36
260, 71
150, 18
380, 47
410, 30
150, 80
70, 38
155, 63
495, 28
295, 43
420, 76
350, 61
380, 33
10, 70
245, 46
350, 77
155, 43
260, 39
155, 60
400, 38
115, 31
315, 9
405, 29
135, 75
155, 11
395, 59
465, 62
145, 48
110, 32
180, 65
80, 80
340, 59
50, 40
105, 78
420, 33
345, 76
380, 7
75, 72
360, 35
480, 53
465, 19
205, 76
100, 63
280, 15
220, 39
490, 14
75, 8
15, 7
180, 69
200, 58
200, 38
240, 71
240, 26
10, 23
335, 47
375, 8
110, 58
295, 64
185, 67
285, 36
475, 41
460, 77
330, 67
245, 38
70, 15
305, 36
460, 38
195, 78
490, 39
235, 55
310, 50
340, 79
80, 59
390, 18
420, 59
355, 6
50, 36
60, 38
20, 54
280, 58
385, 27
385, 7
140, 46
120, 30
300, 72
45, 35
15, 8
380, 49
50, 74
495, 60
435, 20
310, 33
390, 20
470, 29
490, 33
50, 76
40, 31
100, 37
95, 49
55, 63
90, 13
280, 68
75, 76
115, 37
60, 58
230, 51
215, 11
480, 14
275, 25
115, 22
395, 22
30, 65
370, 10
185, 29
485, 5
475, 6
370, 19
370, 44
45, 50
390, 9
25, 15
355, 55
230, 14
340, 77
365, 69
450, 5
10, 75
385, 32
285, 62
155, 75
65, 11
325, 23
300, 30
195, 54
35, 11
220, 5
460, 28
105, 68
35, 17
325, 58
245, 74
90, 80
320, 62
140, 28
145, 47
90, 7
260, 23
465, 9
430, 26
335, 64
245, 67
70, 71
195, 69
25, 57
340, 20
225, 44
170, 19
490, 31
415, 42
125, 69
295, 57
15, 21
235, 33
5, 18
310, 62
400, 11
20, 48
210, 25
110, 60
220, 49
370, 10
75, 52
135, 47
160, 11
260, 59
25, 17
95, 58
210, 40
305, 50
450, 65
285, 64
165, 7
280, 47
285, 36
345, 46
285, 37
200, 8
290, 68
90, 71
435, 31
290, 24
330, 69
40, 58
300, 34
335, 7
275, 69
150, 12
400, 33
150, 62
0, 28
250, 47
65, 8
390, 64
490, 31
80, 52
190, 80
465, 35
375, 17
295, 78
260, 26
115, 22
285, 41
295, 10
265, 77
175, 77
75, 60
10, 55
410, 25
215, 42
195, 76
245, 74
325, 68
435, 65
115, 37
195, 51
85, 47
215, 59
5, 45
95, 23
370, 48
255, 70
410, 17
270, 63
220, 12
75, 16
115, 11
195, 76
50, 74
145, 35
170, 70
55, 36
475, 58
35, 52
450, 15
365, 45
335, 72
465, 63
150, 79
235, 75
65, 77
395, 61
160, 74
0, 27
160, 74
250, 65
95, 51
95, 14
345, 37
95, 69
235, 43
105, 80
360, 25
420, 8
395, 26
260, 25
185, 36
75, 11
40, 66
270, 8
5, 12
390, 23
285, 41
310, 51
70, 34
455, 26
95, 53
30, 29
465, 20
235, 75
30, 56
480, 12
200, 64
355, 52
25, 37
350, 75
65, 32
20, 16
235, 7
90, 7
275, 48
245, 80
150, 34
415, 22
100, 64
115, 63
330, 54
75, 64
185, 13
55, 49
455, 38
260, 53
225, 30
90, 64
345, 76
130, 56
470, 24
220, 60
485, 41
450, 11
205, 70
215, 77
370, 71
20, 6
405, 50
35, 51
340, 6
55, 61
330, 72
385, 15
350, 53
400, 37
250, 10
200, 6
25, 51
330, 18
55, 70
240, 15
60, 54
75, 47
320, 38
50, 62
125, 58
185, 35
300, 57
40, 34
50, 22
405, 38
430, 71
85, 30
30, 34
405, 61
120, 70
320, 77
80, 12
0, 54
75, 80
400, 37
145, 78
480, 74
30, 57
160, 28
310, 55
470, 40
290, 40
245, 30
460, 39
30, 15
330, 50
275, 8
305, 10
495, 37
325, 79
220, 13
60, 19
105, 42
400, 19
70, 78
470, 33
450, 58
475, 8
85, 27
210, 13
370, 5
25, 61
5, 78
350, 26
165, 28
470, 61
75, 48
55, 57
130, 71
5, 16
170, 37
80, 35
65, 7
470, 28
270, 30
355, 26
425, 57
330, 13
370, 28
475, 31
350, 46
345, 72
45, 76
385, 48
195, 64
100, 8
270, 14
90, 21
225, 19
395, 70
410, 32
90, 80
425, 56
280, 6
20, 52
380, 53
180, 36
320, 13
135, 43
250, 38
175, 46
385, 27
395, 17
70, 10
185, 62
410, 46
150, 20
215, 73
160, 36
155, 80
295, 74
245, 80
480, 21
270, 26
10, 75
325, 48
165, 68
185, 50
120, 10
370, 55
170, 67
125, 16
425, 5
245, 73
490, 18
20, 78
15, 61
220, 66
120, 13
160, 18
470, 73
245, 53
270, 64
95, 55
440, 59
135, 16
70, 33
395, 49
170, 17
185, 51
130, 79
295, 17
370, 27
420, 45
430, 71
280, 26
290, 41
70, 78
0, 69
470, 80
360, 28
35, 34
240, 24
170, 54
390, 54
350, 9
60, 28
280, 72
440, 15
295, 47
170, 40
290, 26
0, 42
245, 42
495, 51
120, 80
240, 10
30, 41
390, 13
280, 24
65, 33
125, 45
365, 60
445, 60
240, 23
490, 55
265, 44
220, 65
375, 46
90, 60
165, 40
390, 67
45, 71
270, 51
65, 58
15, 54
420, 42
295, 71
75, 31
65, 43
355, 29
260, 18
200, 39
135, 21
390, 78
440, 12
175, 60
10, 36
190, 12
5, 79
250, 62
60, 11
300, 7
185, 5
245, 11
370, 26
30, 18
5, 34
90, 69
365, 7
405, 6
5, 66
290, 78
485, 51
485, 12
470, 61
145, 20
410, 64
175, 55
470, 9
270, 27
70, 65
5, 68
270, 60
495, 45
110, 68
320, 65
215, 52
55, 60
75, 33
10, 51
290, 23
115, 32
145, 19
95, 54
350, 77
465, 46
335, 71
105, 55
245, 8
480, 76
420, 80
425, 28
365, 46
490, 54
200, 11
160, 53
230, 77
160, 17
10, 22
55, 12
110, 42
70, 9
150, 57
270, 28
20, 59
480, 30
125, 27
140, 12
370, 62
15, 39
470, 68
50, 33
260, 43
75, 15
485, 66
255, 80
210, 49
125, 7
100, 58
165, 50
155, 14
160, 56
315, 53
85, 8
490, 21
250, 16
160, 65
160, 7
95, 53
145, 39
355, 39
115, 66
5, 36
45, 70
445, 8
215, 31
230, 71
115, 48
400, 23
165, 31
450, 14
455, 10
455, 5
405, 67
440, 41
40, 70
140, 36
385, 28
40, 47
175, 80
275, 18
335, 11
295, 63
485, 46
475, 27
380, 30
325, 70
355, 68
80, 5
325, 77
425, 60
480, 77
340, 67
30, 63
415, 16
125, 64
380, 17
165, 42
125, 36
255, 52
450, 63
170, 15
205, 75
310, 61
430, 73
255, 59
255, 69
270, 72
30, 49
455, 47
360, 8
345, 8
315, 76
250, 24
55, 40
160, 58
140, 18
375, 14
370, 17
260, 10
0, 79
15, 59
425, 41
405, 36
100, 67
145, 80
180, 35
480, 65
345, 59
310, 73
320, 32
380, 19
325, 5
5, 29
180, 71
45, 78
90, 52
495, 43
220, 75
375, 22
60, 47
305, 7
490, 21
80, 9
225, 53
225, 7
220, 46
205, 45
20, 35
265, 68
455, 53
240, 53
380, 52
210, 69
120, 75
60, 14
165, 59
85, 20
5, 35
340, 49
340, 22
475, 16
395, 28
195, 67
360, 25
315, 30
415, 54
280, 8
425, 71
325, 34
490, 28
495, 69
460, 50
405, 14
465, 41
355, 50
40, 33
65, 78
220, 18
185, 19
180, 67
105, 75
135, 49
330, 25
155, 48
460, 27
125, 78
300, 53
350, 41
315, 17
255, 24
435, 76
50, 72
320, 59
425, 59
40, 70
125, 38
125, 9
450, 48
390, 54
100, 34
465, 65
390, 10
315, 23
130, 45
235, 34
30, 77
145, 24
285, 70
400, 62
35, 80
150, 47
395, 17
405, 72
330, 37
295, 70
170, 47
150, 75
115, 65
350, 6
0, 33
145, 78
470, 79
350, 28
385, 7
400, 67
350, 27
320, 19
345, 37
375, 68
65, 54
10, 6
115, 10
350, 49
105, 17
195, 69
155, 23
315, 61
195, 13
345, 44
230, 41
465, 21
175, 50
110, 13
225, 63
475, 7
440, 64
75, 68
95, 17
40, 18
295, 52
220, 18
105, 42
305, 5
385, 61
345, 30
245, 72
260, 33
160, 38
60, 63
365, 23
80, 5
25, 17
235, 21
240, 9
135, 54
460, 51
465, 78
105, 30
350, 29
185, 42
65, 9
430, 25
110, 48
445, 6
205, 30
350, 30
10, 70
385, 63
255, 52
365, 15
195, 44
220, 8
100, 7
420, 61
275, 55
265, 75
75, 78
445, 34
75, 12
180, 76
195, 29
5, 19
5, 8
235, 59
190, 28
315, 58
185, 39
340, 10
470, 65
365, 26
260, 37
270, 41
315, 61
335, 28
485, 49
40, 41
30, 18
50, 40
410, 62
110, 61
430, 57
105, 22
200, 45
120, 49
80, 23
395, 26
445, 61
445, 54
415, 22
110, 79
315, 75
490, 23
310, 65
430, 29
260, 68
230, 15
495, 59
485, 16
110, 78
395, 76
460, 10
285, 8
220, 49
410, 27
40, 11
45, 19
85, 79
190, 41
85, 73
480, 41
355, 65
115, 67
95, 27
490, 73
285, 42
270, 16
10, 39
10, 37
135, 39
25, 38
235, 76
395, 11
380, 78
145, 5
60, 70
145, 16
475, 39
25, 55
460, 39
75, 80
240, 52
345, 6
425, 37
485, 66
300, 34
385, 68
380, 49
105, 28
195, 79
290, 14
435, 49
210, 21
385, 72
455, 44
290, 9
20, 44
270, 39
115, 78
295, 69
265, 67
485, 75
430, 72
165, 18
265, 22
270, 10
85, 62
490, 17
70, 33
305, 18
310, 57
350, 19
165, 21
135, 16
130, 34
35, 22
335, 40
420, 55
55, 66
480, 37
85, 67
145, 54
15, 11
370, 66
430, 53
190, 71
160, 8
410, 50
390, 24
220, 51
385, 73
480, 17
465, 47
455, 9
270, 19
195, 43
385, 27
180, 79
350, 32
215, 20
440, 72
490, 78
445, 35
85, 59
285, 13
335, 61
135, 41
155, 30
145, 39
460, 35
55, 66
205, 37
110, 32
215, 8
380, 39
185, 30
45, 26
70, 40
235, 77
35, 66
290, 67
195, 48
170, 67
370, 17
225, 16
465, 64
280, 59
475, 37
430, 6
435, 32
90, 51
5, 66
315, 34
410, 13
210, 43
440, 58
185, 41
215, 19
45, 16
160, 15
60, 17
210, 37
195, 27
215, 73
495, 38
470, 36
50, 25
220, 51
325, 8
135, 77
225, 49
245, 55
465, 44
215, 66
385, 79
95, 24
415, 77
10, 19
110, 35
315, 72
55, 32
0, 58
50, 72
190, 22
175, 67
350, 42
110, 8
285, 25
395, 38
335, 69
460, 75
30, 36
360, 29
110, 29
40, 28
120, 15
45, 26
30, 70
100, 18
360, 9
140, 28
325, 32
345, 40
260, 72
80, 36
495, 22
155, 79
45, 41
450, 15
330, 75
450, 18
120, 21
10, 62
270, 77
30, 13
410, 11
245, 40
185, 35
340, 30
195, 76
305, 38
220, 23
210, 48
460, 20
370, 17
30, 79
290, 62
125, 80
335, 54
75, 39
35, 20
450, 30
300, 79
205, 58
335, 71
110, 54
125, 12
490, 10
55, 40
460, 50
200, 52
350, 76
160, 58
450, 25
425, 7
165, 74
380, 26
245, 67
305, 56
120, 68
495, 17
480, 79
95, 12
470, 38
490, 61
190, 51
465, 33
400, 8
405, 35
455, 29
490, 58
270, 53
100, 64
290, 56
45, 56
5, 58
465, 73
420, 5
60, 36
115, 49
220, 41
315, 55
475, 33
285, 78
335, 65
40, 72
135, 71
265, 15
110, 56
135, 33
25, 41
230, 30
445, 62
70, 53
75, 50
325, 23
430, 54
0, 69
460, 5
145, 39
310, 59
465, 32
275, 19
460, 69
90, 68
315, 19
430, 14
485, 6
345, 75
275, 70
375, 12
75, 42
65, 22
225, 57
25, 9
150, 6
120, 48
245, 80
270, 26
25, 56
185, 63
210, 67
220, 75
15, 48
205, 31
475, 55
30, 76
110, 31
45, 70
140, 20
470, 53
340, 45
290, 9
20, 8
385, 9
185, 62
405, 10
420, 62
50, 23
0, 22
410, 80
330, 29
180, 33
280, 70
485, 23
50, 74
100, 23
490, 69
15, 16
105, 40
105, 16
420, 22
490, 15
10, 63
240, 61
110, 61
275, 29
0, 75
485, 35
205, 17
430, 50
390, 51
270, 61
90, 36
355, 26
240, 49
155, 33
480, 53
180, 73
10, 11
295, 72
115, 54
495, 25
245, 59
70, 50
140, 79
70, 78
415, 76
370, 69
410, 11
330, 80
100, 55
290, 30
275, 25
340, 31
485, 76
465, 49
435, 37
245, 52
340, 64
100, 7
440, 48
60, 45
135, 75
475, 35
380, 69
140, 74
495, 18
100, 53
410, 75
205, 80
490, 46
200, 58
80, 19
490, 27
235, 12
355, 20
185, 32
340, 80
295, 46
145, 72
65, 48
120, 80
275, 7
205, 21
170, 26
195, 63
110, 75
420, 50
320, 36
115, 8
110, 54
425, 64
435, 32
280, 54
425, 63
470, 75
120, 52
210, 39
490, 11
465, 46
375, 24
400, 26
480, 12
395, 67
190, 53
335, 36
245, 9
210, 37
95, 22
230, 74
490, 19
300, 30
360, 69
370, 35
5, 72
160, 38
215, 69
360, 8
85, 12
210, 32
125, 57
350, 41
430, 79
250, 72
60, 46
40, 67
90, 13
155, 43
125, 30
215, 64
355, 73
275, 72
105, 7
415, 51
350, 62
320, 77
315, 46
295, 15
200, 10
15, 8
255, 40
340, 44
145, 16
160, 49
385, 74
425, 29
405, 58
495, 47
160, 21
80, 67
90, 47
415, 49
160, 12
130, 79
485, 14
35, 40
220, 43
255, 61
195, 25
110, 14
115, 19
420, 26
85, 57
345, 28
145, 46
305, 79
360, 6
310, 57
30, 56
335, 18
185, 57
240, 58
55, 26
115, 62
140, 50
235, 66
100, 39
400, 74
375, 36
105, 75
275, 46
145, 28
70, 38
430, 48
495, 29
315, 27
350, 63
470, 23
465, 58
360, 79
310, 12
85, 34
135, 56
325, 74
110, 58
150, 28
300, 68
435, 69
190, 70
455, 43
290, 19
470, 36
260, 21
90, 15
25, 33
350, 73
265, 76
160, 21
180, 62
155, 46
130, 75
270, 51
275, 48
395, 33
415, 15
475, 26
290, 11
265, 22
20, 13
485, 42
355, 40
130, 6
460, 29
80, 37
185, 18
195, 10
275, 80
315, 69
275, 7
130, 77
370, 59
330, 77
400, 71
360, 23
410, 51
15, 56
295, 58
290, 15
490, 72
375, 52
60, 46
135, 80
245, 66
225, 6
490, 72
380, 74
125, 22
105, 34
300, 15
215, 53
210, 43
440, 36
350, 12
255, 22
255, 36
265, 16
115, 23
340, 28
315, 66
0, 56
340, 56
115, 53
305, 74
490, 20
95, 32
85, 6
100, 18
0, 54
205, 37
410, 14
440, 16
470, 53
430, 64
210, 32
290, 65
260, 45
165, 20
290, 75
410, 61
145, 17
460, 78
365, 69
455, 76
360, 41
210, 23
440, 5
130, 5
260, 6
205, 28
260, 65
250, 19
330, 28
355, 67
345, 40
50, 44
245, 61
310, 21
35, 27
205, 33
455, 54
160, 21
225, 54
430, 63
160, 27
55, 45
155, 35
30, 26
175, 41
200, 24
320, 78
385, 33
305, 33
215, 10
400, 56
460, 15
340, 75
15, 46
375, 57
410, 80
440, 62
160, 7
175, 7
110, 26
0, 21
85, 78
180, 76
175, 77
250, 68
110, 57
410, 63
275, 6
0, 14
105, 49
290, 52
230, 66
425, 21
205, 42
185, 76
135, 74
70, 10
135, 68
325, 25
330, 20
235, 70
455, 14
440, 9
110, 70
435, 74
315, 67
130, 18
85, 22
60, 78
485, 71
370, 40
490, 64
175, 7
190, 35
250, 35
40, 22
80, 77
120, 65
455, 39
5, 58
435, 22
95, 63
450, 54
125, 59
305, 17
370, 32
365, 22
345, 11
190, 47
290, 74
65, 74
50, 9
430, 67
185, 48
255, 77
375, 69
70, 73
115, 66
95, 36
120, 50
15, 6
240, 58
15, 46
170, 21
245, 7
105, 28
475, 73
140, 37
115, 18
405, 64
475, 53
95, 31
140, 72
65, 58
450, 48
170, 32
205, 53
10, 62
480, 61
150, 15
385, 28
305, 71
145, 46
455, 12
70, 68
285, 40
265, 38
40, 50
360, 73
75, 5
195, 71
420, 43
230, 74
195, 63
120, 35
225, 66
270, 7
310, 23
395, 5
365, 33
335, 23
495, 64
380, 40
245, 11
260, 55
170, 64
40, 77
100, 46
10, 33
305, 60
350, 5
230, 64
285, 25
305, 42
275, 75
325, 60
200, 69
435, 72
125, 30
305, 19
195, 69
100, 36
260, 65
365, 46
155, 46
30, 64
0, 60
25, 32
430, 29
220, 51
105, 47
475, 51
40, 20
375, 9
455, 59
75, 71
455, 51
170, 46
450, 70
95, 13
30, 63
15, 77
45, 36
280, 55
200, 11
225, 73
175, 52
305, 15
25, 51
135, 78
240, 44
350, 58
20, 29
455, 69
130, 35
85, 5
85, 73
15, 11
470, 24
405, 61
250, 31
80, 54
235, 31
250, 56
245, 29
125, 17
315, 51
140, 28
320, 18
55, 60
490, 8
0, 31
30, 79
80, 57
15, 7
440, 23
260, 34
220, 55
85, 9
195, 14
140, 31
255, 33
195, 74
245, 61
420, 44
75, 75
355, 75
415, 15
120, 58
10, 33
105, 72
120, 31
230, 46
185, 66
285, 50
260, 32
95, 64
425, 55
40, 52
415, 56
265, 74
400, 47
315, 31
225, 50
235, 20
235, 62
235, 19
155, 65
195, 55
45, 80
170, 22
155, 45
320, 76
240, 75
395, 59
325, 28
105, 39
295, 46
355, 50
185, 50
490, 62
130, 50
110, 10
145, 45
210, 65
245, 17
40, 80
390, 47
85, 44
160, 23
435, 8
180, 68
95, 31
75, 27
155, 9
335, 58
175, 20
105, 57
235, 80
295, 55
330, 78
180, 57
240, 45
415, 25
495, 46
240, 6
170, 17
5, 72
155, 7
215, 23
185, 54
80, 49
155, 19
450, 36
360, 41
15, 11
265, 49
200, 74
380, 10
395, 26
375, 60
225, 13
480, 15
420, 13
335, 24
410, 45
215, 62
50, 37
105, 69
195, 14
415, 13
495, 55
375, 14
75, 33
35, 44
400, 71
250, 42
465, 54
0, 53
165, 26
405, 23
370, 71
125, 45
420, 30
485, 5
215, 19
215, 18
80, 49
385, 49
430, 8
55, 43
85, 77
320, 75
315, 70
275, 15
390, 27
25, 43
120, 67
455, 57
315, 59
110, 19
370, 80
65, 21
160, 22
265, 21
225, 14
445, 9
120, 32
130, 34
225, 33
385, 18
40, 78
50, 40
230, 15
355, 33
205, 19
400, 49
485, 45
420, 30
95, 7
25, 10
0, 35
430, 50
125, 21
370, 70
490, 76
375, 39
335, 16
455, 18
205, 8
25, 65
95, 68
65, 22
90, 78
370, 79
85, 62
75, 7
300, 68
100, 56
220, 24
70, 69
270, 21
85, 31
265, 56
310, 52
165, 48
385, 63
205, 55
365, 45
100, 19
400, 80
490, 15
125, 49
400, 29
285, 76
25, 67
220, 31
390, 42
295, 79
430, 9
225, 56
85, 13
390, 51
220, 9
480, 57
475, 19
115, 7
310, 67
85, 54
145, 19
350, 8
40, 13
95, 64
425, 31
230, 73
35, 28
370, 11
445, 39
190, 24
400, 33
140, 45
305, 19
395, 69
175, 28
145, 20
175, 60
310, 62
220, 10
255, 5
185, 7
375, 16
335, 38
95, 33
200, 36
365, 6
90, 53
50, 60
185, 51
170, 50
35, 58
270, 29
450, 48
230, 22
380, 24
20, 57
370, 75
390, 50
185, 48
400, 14
55, 61
490, 41
220, 29
75, 11
60, 72
150, 19
35, 80
190, 36
110, 58
345, 66
50, 65
25, 19
395, 6
300, 59
405, 71
15, 53
330, 31
190, 70
110, 62
320, 69
220, 67
405, 76
295, 19
110, 55
420, 59
310, 41
170, 31
30, 20
255, 62
185, 67
115, 6
75, 15
0, 35
280, 55
80, 56
250, 21
220, 78
430, 45
195, 20
50, 59
170, 25
305, 12
375, 17
300, 18
55, 76
180, 34
240, 49
225, 46
135, 67
40, 66
160, 28
110, 57
120, 22
145, 32
100, 33
245, 15
460, 15
75, 73
200, 17
50, 60
30, 11
445, 63
405, 46
420, 60
190, 63
90, 33
25, 11
425, 12
145, 53
440, 68
380, 14
480, 55
240, 54
95, 38
405, 39
275, 49
60, 12
105, 40
25, 46
230, 59
450, 55
380, 61
145, 22
345, 35
385, 80
305, 61
395, 46
195, 60
255, 30
440, 66
445, 32
40, 61
60, 22
300, 19
205, 30
130, 68
420, 49
250, 14
490, 15
205, 61
180, 21
335, 22
200, 62
335, 14
100, 71
445, 64
480, 45
230, 7
345, 7
485, 59
105, 51
495, 41
370, 80
180, 42
400, 50
100, 26
235, 29
460, 41
360, 66
195, 15
430, 7
380, 11
240, 15
25, 46
295, 20
65, 61
105, 33
420, 54
10, 23
80, 10
490, 58
190, 27
205, 53
415, 44
125, 55
110, 62
295, 5
435, 9
440, 46
430, 77
235, 72
310, 75
5, 42
55, 69
415, 14
345, 27
145, 61
90, 44
130, 21
200, 68
225, 9
430, 62
180, 59
455, 79
340, 47
150, 5
410, 61
455, 28
85, 15
260, 62
5, 22
20, 68
365, 56
230, 57
490, 47
25, 65
240, 11
270, 63
485, 9
380, 59
45, 20
250, 17
55, 61
400, 48
25, 62
340, 29
80, 13
220, 53
200, 14
155, 80
355, 66
430, 24
175, 19
290, 32
465, 58
95, 56
80, 73
240, 40
170, 21
20, 25
405, 7
100, 57
270, 7
415, 51
55, 71
430, 18
50, 54
260, 22
455, 23
495, 71
115, 63
245, 56
160, 59
405, 39
190, 66
250, 56
70, 72
355, 28
475, 79
195, 8
475, 21
190, 18
495, 55
20, 19
350, 8
255, 25
265, 34
155, 6
295, 30
180, 71
490, 25
235, 58
210, 44
265, 18
195, 39
230, 30
195, 25
100, 59
135, 54
325, 14
425, 33
300, 17
45, 48
415, 13
170, 23
390, 28
275, 41
450, 61
360, 54
270, 16
145, 40
70, 30
305, 59
130, 47
360, 76
5, 35
475, 48
320, 46
10, 71
85, 52
15, 7
205, 35
175, 24
110, 26
220, 20
190, 18
190, 67
205, 40
380, 23
285, 51
295, 8
10, 55
480, 32
60, 78
5, 70
40, 55
475, 56
310, 73
290, 44
345, 7
210, 36
210, 70
310, 71
240, 28
85, 32
30, 51
235, 20
240, 12
385, 46
395, 37
125, 36
285, 5
295, 41
35, 40
340, 29
435, 8
190, 28
310, 20
65, 57
335, 64
110, 67
435, 67
150, 38
340, 51
380, 71
115, 22
320, 28
330, 33
70, 73
230, 24
490, 12
30, 62
90, 63
390, 23
380, 76
245, 27
55, 26
495, 39
405, 32
440, 36
180, 31
200, 55
10, 70
340, 27
5, 63
310, 39
100, 14
495, 64
240, 17
220, 71
385, 58
245, 67
35, 36
455, 18
95, 50
35, 5
135, 47
220, 39
310, 29
35, 49
485, 7
90, 16
360, 5
20, 19
305, 59
20, 15
80, 71
65, 28
360, 5
320, 10
380, 80
260, 22
295, 55
130, 47
430, 60
180, 65
445, 15
275, 61
440, 29
70, 16
350, 29
195, 23
130, 60
365, 22
235, 76
185, 24
285, 10
420, 76
0, 46
175, 31
110, 74
10, 49
35, 43
300, 71
310, 8
265, 16
335, 22
210, 35
400, 15
275, 5
400, 58
295, 27
85, 72
455, 70
90, 46
130, 44
335, 62
150, 9
30, 36
405, 31
130, 21
25, 71
185, 49
420, 78
20, 22
220, 12
235, 6
85, 34
395, 75
5, 34
425, 28
155, 28
275, 22
405, 64
480, 37
25, 65
370, 70
455, 20
260, 29
405, 18
485, 34
405, 37
155, 42
260, 28
90, 20
95, 69
300, 32
80, 69
340, 57
0, 5
350, 36
40, 69
165, 36
90, 61
380, 32
325, 63
425, 14
430, 65
100, 79
120, 12
30, 21
305, 5
325, 22
335, 20
355, 31
40, 42
225, 60
300, 75
15, 33
130, 36
345, 26
45, 33
250, 51
470, 5
460, 60
10, 21
450, 53
305, 74
185, 37
300, 13
235, 55
100, 40
385, 21
150, 15
35, 35
110, 17
190, 38
205, 20
30, 77
470, 33
305, 23
140, 41
10, 75
355, 23
425, 29
325, 47
290, 20
315, 51
310, 32
450, 53
400, 11
225, 75
55, 78
10, 31
300, 14
5, 15
370, 41
165, 48
15, 24
465, 66
205, 15
200, 9
235, 18
255, 50
110, 15
390, 57
220, 16
125, 53
150, 50
395, 70
415, 27
180, 27
45, 33
295, 43
0, 28
45, 32
10, 26
265, 20
480, 8
355, 42
15, 23
345, 62
235, 32
30, 42
260, 79
195, 65
290, 37
155, 30
95, 57
135, 62
0, 78
270, 23
365, 76
150, 23
335, 14
280, 23
295, 28
320, 46
20, 20
20, 15
105, 9
425, 58
165, 75
310, 42
120, 63
345, 22
190, 11
115, 77
215, 56
435, 79
195, 16
45, 51
95, 68
5, 63
375, 8
425, 79
360, 5
450, 42
80, 18
180, 23
355, 47
335, 49
185, 77
155, 80
85, 22
250, 13
495, 8
290, 15
275, 66
90, 50
345, 20
245, 51
355, 44
205, 9
135, 16
245, 42
355, 20
485, 72
325, 16
275, 34
210, 44
405, 42
395, 80
340, 7
250, 69
25, 46
40, 31
115, 12
320, 55
470, 40
420, 9
180, 11
485, 34
175, 24
380, 76
205, 80
415, 61
300, 35
290, 48
470, 52
480, 59
100, 50
415, 51
250, 49
55, 7
205, 12
60, 52
405, 74
145, 77
450, 24
495, 29
110, 29
20, 52
65, 27
260, 9
30, 58
335, 48
60, 50
80, 73
375, 41
295, 65
290, 70
315, 57
10, 5
300, 12
270, 38
400, 29
280, 6
455, 68
15, 37
40, 50
470, 25
150, 5
180, 72
140, 72
380, 5
480, 63
55, 19
220, 40
305, 22
405, 33
390, 19
290, 6
425, 48
405, 54
235, 71
130, 25
445, 76
75, 24
170, 44
115, 47
380, 23
135, 77
35, 16
430, 18
320, 24
10, 47
355, 21
145, 8
420, 33
430, 13
405, 75
285, 42
110, 7
470, 52
250, 17
430, 69
25, 5
440, 71
255, 55
380, 11
105, 15
480, 31
495, 36
410, 73
440, 29
430, 50
310, 7
65, 6
470, 74
430, 9
225, 13
50, 12
355, 24
410, 76
445, 56
115, 72
290, 41
450, 51
120, 25
385, 34
10, 7
450, 57
410, 26
10, 7
415, 67
300, 50
480, 67
65, 67
110, 45
260, 18
155, 25
220, 21
185, 15
415, 51
60, 14
450, 27
90, 65
5, 64
245, 70
265, 52
325, 16
410, 79
85, 34
285, 34
85, 51
390, 75
270, 12
30, 56
115, 9
370, 19
120, 13
115, 28
470, 17
60, 11
315, 21
225, 71
290, 56
230, 73
105, 13
165, 50
325, 54
95, 9
320, 56
100, 32
470, 71
205, 20
95, 21
115, 41
170, 11
190, 21
75, 72
275, 58
300, 55
410, 49
235, 69
470, 17
495, 47
185, 5
25, 22
465, 66
385, 13
170, 46
390, 67
50, 72
455, 62
85, 26
130, 25
60, 9
285, 22
385, 45
255, 27
330, 52
90, 70
300, 34
350, 49
380, 46
95, 69
70, 23
100, 8
80, 19
0, 8
485, 63
145, 37
215, 33
115, 45
375, 8
290, 56
345, 66
0, 70
130, 68
120, 60
350, 36
415, 7
60, 19
270, 40
70, 66
380, 27
210, 19
460, 52
305, 73
40, 72
255, 67
390, 15
25, 52
175, 25
45, 5
265, 71
250, 80
395, 53
